0.040244
0.0394
0.048152
0.048736
0.041393
0.046234
0.040811
0.042564
0.04406
0.049426
0.053321
0.037791
0.03872
0.044468
0.048581
0.038261
0.037204
0.041279
0.041167
0.057784
0.057988
0.038345
0.047456
0.042924
0.040943
0.050027
0.047678
0.051542
0.048024
0.053469
0.038823
0.037461
0.041421
0.04059
0.058633
0.043089
0.058466
0.042705
0.043851
0.037808
15.32663
0.057066
0.042143
0.048789
0.062201
0.045906
0.047688
0.052158
0.041617
0.040187
0.040096
0.046656
0.041421
0.041499
0.049284
0.054939
0.04514
0.043383
0.041957
0.042457
0.037339
0.045117
0.042628
0.051251
0.045152
0.04149
0.049492
0.049998
0.037046
0.054976
0.065222
0.061678
0.042148
0.043602
0.048115
0.051571
0.055678
0.042297
0.044818
0.052353
0.042632
0.044404
0.050948
0.042826
0.053
0.051935
0.050735
0.069907
0.056707
0.05717
0.205945
0.149985
0.281686
0.219798
0.149926
0.968899
0.86948
0.809186
0.706574
0.643013
0.644425
0.583081
0.896547
1.17275
1.074041
0.979442
0.864636
0.796961
0.7142
0.617141
0.577
0.470604
0.381009
0.313698
0.202254
0.14901
0.194936
0.134312
0.065191
0.505638
0.410252
0.294105
0.209086
0.10659
0.055348
0.044186
0.041478
0.046584
0.042267
0.04328
0.043732
0.047883
0.04409
0.043252
0.043488
0.046808
0.043189
0.042755
0.043177
0.044091
0.045457
0.050377
0.043943
0.044699
0.046746
0.041899
0.039733
0.044314
0.047665
0.29599
0.23748
0.171554
0.104508
0.044399
0.045555
0.043313
0.043071
0.045664
0.044439
0.046965
0.044209
0.051071
0.039123
0.046052
0.042992
0.045958
0.050034
0.055485
0.042562
0.03902
0.04198
0.043574
0.040078
0.044452
0.043464
0.046227
0.045689
0.042099
0.055428
0.048808
0.041994
0.042617
0.042699
0.044386
0.041972
0.040061
0.04578
0.048305
0.043673
0.044925
0.043954
0.050097
0.040004
0.042068
0.04154
0.041523
0.055871
0.043473
0.044476
0.042816
0.040715
0.045466
0.038756
0.039459
0.046606
0.040827
0.038254
0.043216
0.048729
0.040926
0.038563
0.044038
0.046248
0.045092
0.041601
0.052441
0.041467
0.044164
0.045342
0.04467
0.051089
0.042179
0.041845
0.043965
0.04405
0.041218
0.041061
0.045631
0.042479
0.041684
0.04242
0.043561
0.043941
0.045073
0.042346
0.05137
0.040322
0.043415
0.043975
0.044584
0.043535
0.044288
0.045386
0.046127
0.044681
0.046929
0.040658
0.046938
0.041251
0.044383
0.045085
0.052541
0.046406
0.044887
0.042398
0.043831
0.049268
0.050318
0.045009
0.047242
0.049143
0.043391
0.042976
0.045714
0.041018
0.042284
0.039884
0.039852
0.040726
0.044586
0.043018
0.042631
0.045102
0.04352
0.046891
0.046171
0.044836
0.04336
0.047628
0.048185
0.043445
0.048351
0.03955
0.043422
0.041624
0.041304
0.044672
0.043586
0.041165
0.041635
0.045574
0.039027
0.043224
0.047277
0.04618
0.048953
0.046492
0.041869
0.072022
0.042299
0.042853
0.046495
0.038681
0.039846
0.043306
0.042884
0.049745
0.043718
0.043814
0.045851
0.046288
0.053323
0.04096
0.042447
0.039818
0.040448
0.041416
0.051288
0.042141
0.041634
0.04179
0.0534
0.043663
0.040139
0.043367
0.043755
0.043895
0.042195
0.047225
0.048264
0.051664
0.041157
0.04175
0.055738
0.043886
0.046614
0.047647
0.043244
0.043453
0.041736
0.042612
0.044507
0.040184
0.045212
0.046848
0.053096
0.044189
0.041854
0.040215
0.037757
0.036619
0.040416
0.04176
0.04399
0.042758
0.042873
0.047649
0.041131
0.043569
0.039894
0.043946
0.041789
0.04128
0.354516
0.393012
0.434479
0.411173
0.425846
0.412447
0.402171
0.420594
0.439091
0.408596
0.4682
0.39977
0.39552
0.521498
0.37064
0.407252
0.480717
0.55785
0.568651
0.356872
0.415781
0.406688
0.396038
0.38659
0.359691
0.372865
0.33789
0.385508
0.557439
0.406293
0.419345
0.388436
0.414229
0.595906
0.406656
0.398682
0.587761
0.381745
0.360697
0.363408
0.388628
0.398453
0.441136
0.50652
0.389326
0.418618
0.396235
0.528548
0.505496
0.383905
0.385338
0.466366
0.506407
0.500251
0.524651
0.431357
0.466216
0.522812
0.393726
0.391026
0.3754
0.348953
0.365155
0.401745
0.390943
0.550052
0.552046
0.336346
0.351782
0.460022
0.457122
0.411859
0.41541
0.392298
0.501924
0.458027
0.418062
0.467994
0.432127
0.478217
0.510669
0.439144
0.474641
0.414289
0.378006
0.483543
0.456493
0.40606
0.517281
0.527799
0.396827
0.391701
0.489782
0.476585
0.412721
0.461009
0.439695
0.437608
0.421141
0.457615
0.402197
0.442562
0.464704
0.380593
0.475029
0.496529
0.398964
0.488796
0.469856
0.381869
0.486682
0.529144
0.508751
0.380833
0.527238
0.500893
0.394935
0.431472
0.41368
0.46478
0.386438
0.499197
0.39454
0.50166
0.389864
0.526902
0.516788
0.588012
0.520406
0.486606
0.512933
0.413208
0.418018
0.412548
0.400072
0.46139
0.401273
0.499266
0.494856
0.42172
0.536868
0.554411
0.536303
0.364989
0.364711
0.37092
0.47528
0.455728
0.341038
0.348433
0.467075
0.359234
0.445076
0.455977
0.388504
0.478808
0.311943
0.464666
0.503383
0.47064
0.34491
0.477348
0.300854
0.444673
0.343894
0.467185
0.333197
0.331424
0.346105
0.347501
0.473197
0.354491
0.355002
0.457101
0.34835
0.380292
0.380578
0.359873
0.310705
0.376195
0.448506
0.447456
0.445199
0.45412
0.449514
0.471691
0.432867
0.448075
0.465093
0.370685
0.453297
0.3942
0.353954
0.384936
0.410352
0.387459
0.410839
0.397129
0.358593
0.416602
0.380033
0.402138
0.359427
0.388261
0.402673
0.405319
0.35954
0.345926
0.366886
0.378549
0.405331
0.370805
0.384044
0.34883
0.345297
0.40432
0.397359
0.372304
0.436781
0.40425
0.411552
0.383084
0.380024
0.453711
0.437826
0.373561
0.437273
0.388999
0.413708
0.392426
0.366974
0.385399
0.378211
0.410867
0.42792
0.377769
0.388177
0.425422
0.43166
0.355625
0.39167
0.420907
0.406891
0.392119
0.375695
0.385885
0.389003
0.358145
0.37868
0.315494
0.371224
0.37981
0.352225
0.410913
0.336494
0.377856
31.180023
0.35285
0.32486
0.361558
0.35651
0.426327
0.407292
0.409437
0.36717
0.379538
0.390001
0.391828
0.432962
0.428805
0.413485
0.351629
0.349368
0.419546
0.364532
0.34916
0.319593
0.385661
0.423794
0.349217
0.342576
0.379015
0.428989
0.344671
0.355616
0.353586
0.368814
0.337203
0.412629
0.376171
0.390462
0.397573
0.357509
0.372377
0.402779
0.365344
0.367918
0.352193
0.382541
0.390522
0.383982
0.370716
0.368921
0.379045
0.38192
0.352404
0.366694
0.354223
0.334608
0.385716
0.313766
0.334847
0.388228
0.336649
16.032233
0.337941
0.389154
0.354622
0.370837
0.371009
0.381077
0.335406
0.371928
0.324941
0.337395
0.30641
0.31809
0.345928
0.346577
0.331697
0.355059
0.315973
0.311366
0.365427
0.336079
0.290346
0.299868
0.340375
0.345919
0.286995
0.376475
0.353377
0.739659
0.679259
0.729887
0.662204
0.702164
0.727679
0.679748
0.739366
0.714002
0.768861
0.778024
0.786334
0.740561
0.821971
0.745262
0.793797
0.714797
0.797399
0.737984
0.814332
0.712696
0.912722
0.862426
0.749462
0.742758
0.766049
0.889244
0.839078
0.774291
0.67787
0.778878
0.747497
0.930598
0.958257
0.814651
0.671686
0.769133
0.779492
0.645978
0.810216
0.805907
0.750948
0.780529
0.78851
0.734344
0.883419
0.854312
0.652931
0.654524
0.663117
0.621124
0.756646
0.927671
0.627291
0.615998
0.615741
0.563388
0.858518
0.904207
0.568925
0.569613
0.540228
0.910494
0.972815
0.614616
0.97118
0.69451
0.624964
0.659471
1.043036
0.586743
0.984527
1.030102
0.66602
0.560727
0.880189
0.889173
0.631355
0.602036
0.661516
0.932728
0.67531
0.608047
0.940642
0.592042
0.955648
0.573224
0.640359
1.003385
0.936145
1.071929
0.574842
0.968867
1.007074
1.038022
0.576332
0.554651
1.031205
0.743712
0.973563
1.009889
0.543373
1.024588
1.011191
0.951583
0.641531
0.559366
0.965274
1.014755
0.551822
1.006005
0.996352
0.989391
1.009896
0.663951
0.994571
0.956541
0.661932
0.960896
0.96049
0.616578
0.611439
0.6725
0.656199
0.954446
0.628389
0.594457
0.936901
0.954235
0.639498
0.666939
0.628092
0.609158
0.906442
0.924507
0.614275
0.665111
0.569507
0.571149
0.732029
0.627921
0.647254
0.815871
0.575325
0.807524
0.628503
0.579591
0.763461
0.832766
0.82243
0.670869
0.864801
0.808787
0.645257
0.556832
0.55626
0.527848
0.626313
0.911753
0.914731
0.840051
0.571591
0.954787
0.910876
0.940876
0.590018
0.620824
0.867713
0.936442
0.583095
0.59212
0.603174
0.941419
0.581595
0.623554
0.557681
0.97238
0.630152
0.534453
0.560956
31.446609
0.90723
0.900462
0.912231
0.615051
0.820708
0.65544
0.909179
0.601245
0.840625
0.649208
0.665642
0.870569
0.541714
0.664415
0.643391
0.621951
0.722201
0.590332
0.861115
0.593991
0.567653
0.878387
0.884343
0.565034
0.882059
0.640369
0.890213
0.588567
0.890938
0.841267
0.881668
0.89633
0.566082
0.622239
0.85255
0.619924
0.91346
0.62329
0.954138
0.546769
0.561821
0.5528
0.551349
0.580492
0.961306
0.984781
0.983434
0.577116
0.545164
0.964842
0.544502
0.905526
16.127134
0.555597
0.551345
0.56129
0.856372
0.537839
0.888771
0.567582
0.571739
0.516112
0.864226
0.581315
0.510876
0.870169
0.874479
0.861658
0.561978
0.517662
0.92131
0.515917
0.905416
0.891892
0.592145
1.021955
0.517454
1.01763
0.616153
0.528884
0.586326
1.030372
0.58441
0.610129
0.882847
1.048542
0.993068
0.599437
0.550796
0.952787
0.629657
0.640845
0.596536
0.58053
0.538239
0.940453
0.511211
0.575185
0.882378
0.510925
0.604882
0.563349
0.547453
0.556309
0.566942
0.864966
0.931448
0.581192
0.576468
0.590084
0.558284
0.63829
0.579277
0.583673
0.605374
0.560024
0.875973
0.594855
0.666459
0.853091
0.904032
0.701943
0.873769
0.665798
0.886026
0.683952
0.648332
0.652994
0.649176
0.967643
0.95144
0.607661
0.566468
1.015816
0.523248
1.03922
0.565667
0.587403
0.569616
0.553781
0.957837
0.567795
0.956401
0.563997
0.95347
0.962645
0.587441
0.547184
0.978984
0.55487
0.96631
0.547702
0.50443
1.037121
0.579907
0.652991
1.031303
0.607119
0.60997
1.350636
0.903807
1.01201
0.883249
1.023555
1.272031
0.998684
1.207458
1.250237
0.920215
1.052084
1.236474
1.014461
1.057854
1.341262
1.03298
1.28292
0.944351
0.973842
1.033347
1.13499
1.178152
1.03621
1.115667
0.969814
1.028037
1.184302
1.22947
0.956016
1.448464
0.870908
1.399122
0.907679
0.908418
1.382674
1.168914
0.88873
1.246262
1.172341
1.096764
1.149314
1.045492
0.997468
1.121242
1.032392
1.138004
0.984263
0.9607
0.96197
1.188315
1.045753
0.946061
1.037366
0.897146
1.084134
1.34983
0.875788
0.853413
0.8442
1.249541
1.123801
1.295569
1.286505
0.968354
0.896599
0.944976
1.396012
0.922632
0.92023
0.98282
0.973743
1.204898
0.889004
1.171438
0.891797
1.229853
1.216554
1.209893
1.252079
1.277206
0.850134
0.818575
1.180583
1.11841
0.899326
1.045814
1.151217
1.226392
1.182535
0.930302
1.050927
0.915472
1.100188
1.01748
1.176389
1.078748
1.098675
1.043832
0.95106
0.976086
0.998715
1.129174
1.098169
1.170059
1.073672
1.023094
1.033109
1.025368
1.10133
1.025196
1.110358
0.981128
1.060341
1.029563
1.092237
1.007346
1.088557
0.969776
0.989527
1.086392
0.966688
1.014949
1.139944
1.051406
0.922891
0.93505
1.140475
0.915783
1.12357
0.915299
1.130275
0.960053
0.994578
0.942178
1.028901
0.962946
0.983599
0.990918
1.185302
0.978328
1.004443
1.133803
1.082857
0.979182
1.037776
1.085565
0.988693
1.103714
1.128824
1.10595
0.930351
1.167749
1.070561
0.918608
1.15222
1.167845
1.245245
1.147942
1.062027
1.132193
0.988897
1.055225
0.959366
0.999823
1.011603
0.921824
1.163386
0.885577
1.142845
0.894671
0.83763
0.925379
1.121233
1.33318
1.089076
0.957159
1.009327
1.113181
0.970841
1.17115
0.940231
1.088652
0.994438
0.946892
1.057343
1.111309
1.021482
1.120131
1.148611
0.999596
1.196589
0.939251
0.961684
1.069963
1.190625
1.077948
1.18041
0.984827
1.086201
1.104256
1.026572
1.029696
1.118945
1.088981
1.074148
1.242281
1.261829
1.037466
1.141007
1.08813
1.051389
1.05793
1.178676
1.135773
1.118816
1.173055
0.997867
1.235896
0.964621
1.256433
1.164023
1.319823
1.217405
1.115884
1.105913
1.071583
1.140847
1.056794
1.066476
1.069938
1.136596
1.203228
1.211255
1.223384
1.208024
1.004626
1.209438
1.024176
1.199881
1.26025
1.067503
1.195395
1.081285
1.040138
1.255121
1.035783
1.0476
1.30291
1.093618
1.24027
1.320375
1.232271
1.116503
1.287283
1.189661
1.074299
1.157544
1.035878
1.325544
1.294348
1.181283
1.251873
1.156524
1.231091
1.132565
1.206835
1.117281
1.234521
1.110307
1.136429
1.131103
1.118143
1.236351
1.109403
1.531341
1.195129
1.270698
1.265782
1.093169
1.113999
1.004597
1.147053
1.051758
1.129555
1.202137
1.009227
1.288233
1.171556
1.421894
1.034407
1.197265
1.176092
1.172571
1.075201
1.157393
1.185852
1.197385
1.107789
1.039526
1.140922
1.286404
1.136387
1.168598
1.380531
1.105533
1.127148
1.167004
1.184813
1.324191
1.282835
1.037102
1.264697
1.148474
1.034023
1.24785
1.0812
0.998464
1.335323
1.072376
1.403018
1.139979
1.142647
1.373559
1.094781
1.07497
1.046893
1.203602
1.034756
1.028816
1.702619
1.133607
1.477344
1.130224
1.1184
1.439241
1.030009
1.371009
1.432199
1.085775
1.542785
1.581979
1.296071
1.523228
1.406596
1.624185
1.527308
1.695163
1.565421
1.80466
1.663111
1.510078
1.577823
1.431206
1.393917
1.741235
1.588936
1.406051
1.464575
1.482912
1.609747
1.553727
1.610204
1.743725
1.755496
1.676532
1.401019
1.473464
1.453461
1.745101
1.6847
1.567153
1.485137
1.556258
1.484774
1.685383
1.685315
1.511182
1.501933
1.568333
1.481862
1.519168
1.571681
1.609482
1.414228
1.522653
1.68702
1.598443
1.539929
1.731897
1.642628
1.741294
1.52792
1.554692
1.398037
1.596711
1.453926
1.680353
1.518115
1.743429
1.435781
1.670172
1.458899
1.720676
1.763927
1.793075
1.4271
1.605699
1.535978
1.760384
1.763616
1.792438
1.736804
1.796185
1.95702
1.629534
1.64908
1.596051
1.535826
1.576465
1.514947
1.736608
1.629753
1.72276
1.64621
1.550792
1.449456
1.616343
1.767753
1.694452
1.822138
1.731426
1.449468
1.661413
1.549639
1.840199
1.68757
1.903251
1.470722
1.539847
1.59946
1.616696
1.495391
1.681897
1.569493
1.662511
1.617209
1.478113
1.62581
1.692139
1.718417
1.472534
1.487574
1.639515
1.715882
1.440307
1.769702
1.8258
1.673001
1.74404
1.622476
1.591765
1.523178
1.525893
1.450782
1.836386
1.590765
1.574105
1.51527
1.586452
1.530437
1.436836
1.544113
1.500909
1.420046
1.541347
1.625045
1.524157
1.485271
1.652772
1.709002
1.588875
1.642062
1.881531
1.458074
1.689625
1.470941
1.67493
1.553337
1.443671
1.848488
1.612999
1.526134
1.532833
1.561325
1.502037
1.4072
1.669829
1.543236
1.682931
1.58427
1.592402
1.605088
1.647834
1.574824
1.642342
1.589714
1.794502
1.577066
1.641706
1.503375
1.568918
1.491629
1.711833
1.428955
1.507014
1.444081
1.639231
1.712843
1.450689
1.725922
1.610784
1.673982
1.480272
1.626203
1.739728
1.93713
1.698833
1.416821
1.657335
1.498388
1.283526
1.898502
1.469497
1.587234
1.593947
1.438615
1.481413
1.678927
1.660563
1.621913
1.601415
1.492617
1.568982
1.647244
1.570679
1.528328
1.457192
1.991903
1.781334
1.782015
1.701858
1.704144
1.48111
1.614202
1.710809
1.719085
1.449073
1.502137
2.003681
1.473205
1.544217
1.479327
1.804152
1.608129
1.601438
1.615963
1.8462
1.914174
1.616553
1.537945
1.446176
1.519421
1.517769
1.785694
1.504993
1.712332
1.740023
1.72762
1.472126
1.380667
1.68425
1.445204
1.477918
1.382218
1.304003
1.261087
1.36851
1.501079
1.522265
1.674747
1.556742
1.603008
1.4133
1.470093
1.547329
1.75141
1.534147
1.440886
1.421383
1.590535
1.42385
1.456358
1.261002
1.56368
1.388793
1.452601
1.280574
1.471637
1.372506
1.488095
1.173523
1.423659
1.533004
1.466145
1.539935
1.67365
1.527361
1.580772
1.724994
1.623205
1.565896
1.431933
1.437169
1.616154
16.956238
1.570527
1.474143
1.582422
1.428195
1.591103
1.455477
1.533518
1.492382
1.497792
1.509017
1.541754
1.569403
1.574207
1.497812
1.523225
1.505073
1.549991
1.497784
1.456247
1.524506
1.499104
1.549286
1.466722
1.523657
1.576541
1.502009
1.474246
1.503631
1.359758
1.444873
1.355336
1.450624
1.414701
1.546437
1.55888
1.49876
1.400007
1.424885
1.412698
1.31457
1.459647
1.503158
1.595225
1.5484
1.420142
1.468616
1.594103
1.58382
1.569102
1.453647
1.530754
1.423892
1.336768
1.500178
1.780699
2.075511
1.779761
1.864801
1.874518
1.859005
1.711183
2.002421
1.902726
1.846359
1.89846
1.971442
1.757221
1.730874
1.951016
1.80154
2.047928
1.941854
1.884098
31.91426
1.842199
2.079179
1.736803
1.910859
1.821925
1.901608
2.012943
1.934517
1.770604
1.884036
2.024508
1.855925
1.830725
1.644989
1.663639
1.968782
2.080762
1.698041
1.863154
1.840262
1.714535
2.032481
1.900584
2.01377
1.913072
2.101788
1.832308
1.891592
2.131936
1.845404
1.824816
1.930725
1.825021
1.841867
1.906466
1.802565
1.742604
1.811451
1.797625
1.70343
1.881958
2.085127
1.85778
1.761419
1.774868
1.861191
1.683008
1.915121
1.868999
2.035119
2.103784
1.845605
1.852222
1.797022
1.841
1.712573
