0.024259247830324678
0.02191432235478956
0.023801796142745888
0.02042874614923378
0.0238667137353078
0.02422856247522675
0.0213700245958952
0.020809308187939624
0.019199845091436515
0.014890735602947656
0.024521726580336863
0.02798461767992998
0.023123189995382657
0.01917911464865289
0.01849890189236822
0.019891821629226925
0.017697560583481646
0.019443234667577265
0.01942106812819183
0.019202328659666177
0.02146471016184171
0.018409758455133315
0.018800966446838728
0.019688863086892265
0.018347673140758528
0.019179468639113323
0.01795565797226662
0.02056621408567781
0.020174220945188392
0.01808031207426031
0.016766252799380425
0.021828469133857442
0.024619912834880263
0.023366661779586698
0.023620280632366146
0.027427137519878058
0.02601375155054042
0.02486409283906898
0.022558465968728462
0.02463815477996965
0.023170237602568675
0.019957340708304523
0.016004294184009393
0.01555096512350067
0.021542583230541187
0.020950696149639358
0.020687716263767985
0.02060015593761306
0.021821593267499304
0.021299393099631563
0.020602095938618316
0.01739836028546912
0.026554877203294
0.01910682147437518
0.021669943819990406
0.020078619146531154
0.019898297017569056
0.01566779094812151
0.02212475322698263
0.02041610310817714
0.022746479932579597
0.018233544467937637
0.0186494641193837
0.020037192391126193
0.018710832304735154
0.01976450882531954
0.02176583003346128
0.02002039950678175
0.025983504704036407
0.021664635299881684
0.021296992196586585
0.021542583230541187
0.021109873814759702
0.016699632641090232
0.01819897661507476
0.016907425354495978
0.019399676391656826
0.01919789416704001
0.01822602897533939
0.01751935792290995
0.017921130242825607
0.01909111281358797
0.018473332640009246
0.02387315641835621
0.02662137664600092
0.02102487778772566
0.022811143170742416
0.019524151869718592
0.021639145503292812
0.018417099844920022
0.02139136052699295
0.018997574266204742
0.02194173897252898
0.025985453990760018
0.022182136394443466
0.02344336366200043
0.020099299635881838
0.020156513447195632
0.020315817260272633
0.02357352849032741
0.018657667941466918
0.01977090157727506
0.017526006215082327
0.021149293577701567
0.024238311148950066
0.023845354414185976
0.019638444177761817
0.023266602466288644
0.01989439223475693
0.019797928373081083
0.02240452808546649
0.020611597006858044
0.020848239792949863
0.020492095939103814
0.022065088965213375
0.022049755257071316
0.023524298010096666
0.022161321312227086
0.020878399389202548
0.01711587191988404
0.019160195190308708
0.01824779292663225
0.018435887802714452
0.023081458802101266
0.02140502025892701
0.020252958914789117
0.0232183848955424
0.022582487675281565
0.022124282169337796
0.020823694880440065
0.019675721831169262
0.022675376630461465
0.02098401300471522
0.0149430373310325
0.01440302736417535
0.020255722422564862
0.019370294448793946
0.02395405345719851
0.021278784793537356
0.017533547048674825
0.019375712106803902
0.022304979656669402
0.022809891365666808
0.021135850706044474
0.019968366492599338
0.0186210577283194
0.022412622206884652
0.020425634107628123
0.019113059446733374
0.01839647727081609
0.020222413248873708
0.019223731680695588
0.020146743623796738
0.015445734462500046
0.018499313551740865
0.019154191212184053
0.021531981620484766
0.019115784346098483
0.018280536485820842
0.01766304159779029
0.027514647566973593
0.025255070475079442
0.023609949753196517
0.022816777994302057
0.01926945005957155
0.0210826774061018
0.021738055153730694
0.021241269113821844
0.017467013203566896
0.01998872424920051
0.020891831681376788
0.020290230963364332
0.01767769006081742
0.021874879688445648
0.016497671201994062
0.017340149699424715
0.021780999528385928
0.01902914542349758
0.023600431882445122
0.02435719463228831
0.026242204555785645
0.02431928704158768
0.023931710831164642
0.02748917222086279
0.024476529366733796
0.020134837257067564
0.020605670581353267
0.02172782820790273
0.012240282890629601
3.2257714830691736e-05
0.002746815424255581
0.0020155799929493217
0.0016841093195867434
0.0023860781318975916
0.0016144570400499654
0.0017819813551452554
0.0019251404127290546
0.0019603387518422884
0.0019505644261948896
0.0017955805348093487
0.001872679855972492
0.0030903572796593033
0.0025686352357810797
0.0021858211242222992
0.002311462602239083
0.0024628884494941267
0.0024000513112772907
0.002529028999633717
0.0025042174787416964
0.002248764326248003
0.002362301915959662
0.0020208786166512546
0.0019457670072708412
0.0021030941428860556
0.002006816889385859
0.0021098537025117914
0.0017920666649420976
0.0019940614382477633
0.0019252572251189344
0.002286516396522275
0.0020954266033215837
0.002225994636048156
0.0028097324783586215
0.0029215143061979
0.0027688881854347693
0.002734412126642418
0.002065858722290948
0.002106575257433099
0.002267334810504278
0.0023333331072914777
0.002822870388744799
0.002665729850646719
0.002497110481777013
0.0024153170051978163
0.0024106607401874103
0.0028182080083097552
0.002646066643197315
0.002389975898737438
0.0023554118581070936
0.0028628858552658767
0.0022954717232459465
0.0023698348600838227
0.002299227662275522
0.0023884652219033687
0.0024404143829001236
0.002644911588650289
0.0029687432694381712
0.0024944564953727293
0.0028904891993176687
0.002572222877224945
0.0023994278533127134
0.0025262453522018734
0.0023692958750346285
0.0025198482861137077
0.002515430530802343
0.0026823476983678326
0.0025747961772234072
0.002409785846428561
0.0025370745895505536
0.0026894166337220475
0.002531641451491678
0.0028617229346504496
0.002716653070401326
0.002482331732813523
0.002585827789207291
0.0023967672551685644
0.0026673583999014313
0.0026583681130538115
0.0028061549363096027
0.003239041652282806
0.0033427764048883585
0.0030429776082579888
0.0023279190108898003
0.0013553315729854202
0.0013428580588988807
0.0012393266262796365
0.0014444018709385967
0.0010557709029191365
0.00133541369933431
0.0016718150823749635
0.001125160729231972
0.0011023921482821715
0.0016264167672280889
0.0016510528480829134
0.0013946061398090422
0.0016676396999291468
0.0017108481783917788
0.0018104417802506142
0.001785768716274274
0.00145242079633463
0.0013727001473573107
0.001011618739802415
0.001138702087003737
0.0015746513723132502
0.0012182338039925533
0.0011485623511987002
0.0010927732183287956
0.0015882203357513904
0.001695566971863304
0.0010626542928463979
0.001510383320851443
0.001545187256064217
0.0014743850120903994
0.0018585471751263385
0.001738277505110422
0.001061047591940281
0.001870511502153996
0.001795046258156739
0.0014923996037554902
0.0017473709968437179
0.0017346792958042728
0.0016567994496142755
0.0009312723352275935
0.0009694833745083258
0.0016224534042183617
0.0015286623652117628
0.0011195080166373943
0.0013724023718654156
0.001149575359450136
0.0009827477664153224
0.001124758832615164
0.001783187706057009
0.0009379330284329946
0.0010154841287059243
0.0008454037644730122
0.0009685783663039411
0.0007471781907760627
0.0010156895904258386
0.0007480335274373394
0.000792460215270247
0.0007658431078905941
0.0009325547968778395
0.0009333949668976488
0.001047894498482067
0.0009291244426780424
0.0010554416961597313
0.0008677506806841037
0.001060709402407356
0.0010456624425635433
0.001028799636849571
0.000917981140613671
0.0008865746177051066
0.0009284287892413141
0.0008773670313219982
0.0008890470103157172
0.0009323021206366979
0.0007824631314449049
0.000836660997884875
0.000809874642853246
0.0009164281678912003
0.0008436540489984672
0.000730466115012307
0.0007372126414723554
0.0007060296258423961
0.0009521933289853508
0.0006782799681858043
0.0005735465949875192
0.0005711247695573454
0.0006869713624428585
0.0006349717056764631
0.0006023924166665338
0.0005717247873271214
0.0006794321490627999
0.0006220355329987221
0.0006855834373556772
0.0006242373058417262
0.000677444228982069
0.0005817628367870771
0.0005770306222671581
0.0006496962597437513
0.0006576359695907729
0.0006876862637136285
0.0006371813831151401
0.0006323367951531378
0.0006454599085668853
0.0006834454439713728
