0.219592
0.051928
0.241266
0.042305
0.214373
0.038251
0.217394
0.054317
0.213363
0.042197
0.208861
0.045151
0.218215
0.046268
0.21036
0.045212
0.214406
0.037988
0.210974
0.041519
0.2073
0.047375
0.211648
0.224853
0.207587
0.043195
0.21732
0.045814
0.21092
0.041597
0.207788
0.042232
0.2137
0.038146
0.221813
0.042405
0.214272
0.041441
0.220907
0.043352
0.217174
0.043662
0.217479
0.041961
0.22163
0.047464
0.218976
0.041511
0.209313
0.042762
0.208467
0.044519
0.210505
0.043021
0.210052
0.041701
0.21116
0.03994
0.21116
0.040587
0.217194
0.041303
0.217735
0.046185
0.20987
0.1611
0.399961
0.310472
0.048538
0.217384
0.040948
0.221306
0.046575
0.221416
0.043534
0.21781
0.049619
0.222328
0.041563
0.211911
30.342363
0.219812
0.041817
0.216251
0.044127
0.213804
0.042928
0.207882
0.043307
0.210151
0.044515
0.219797
0.041296
0.222004
0.237093
0.218609
0.043222
0.207339
0.040289
0.212588
0.042512
0.21765
0.041169
0.218298
0.044751
0.217053
0.042733
0.22688
0.041505
0.217535
0.051429
0.211256
0.049162
0.244361
0.04353
0.204366
0.039513
0.211308
0.048743
0.220191
0.042779
0.218709
0.040133
0.221869
0.04745
0.21876
0.041595
0.212161
0.045276
0.213521
0.044073
0.217013
0.234129
0.217862
0.052257
0.221078
0.043007
0.233015
0.039526
0.20724
0.041433
0.206352
0.041942
0.217176
0.046477
0.212639
0.044526
0.256444
0.045232
0.217764
0.04254
0.213161
0.046525
0.212062
0.041302
0.223531
0.086832
0.217054
0.048625
0.348914
0.082174
0.209154
0.211712
0.209888
0.048047
0.208393
0.175128
0.298652
0.042507
0.212078
0.042561
0.21798
0.043763
0.221231
0.045391
0.217753
0.041313
0.216345
0.041717
0.217294
0.040756
0.217586
0.042186
0.213604
0.042262
0.214096
0.215783
0.222404
0.054121
0.215171
0.046009
0.211017
0.042684
0.232347
0.04322
0.218677
0.039251
0.218547
0.044998
0.216703
0.042193
0.21165
0.044364
0.213234
0.044932
0.208154
0.123655
0.051434
15.344046
0.044404
0.039925
0.03816
0.038973
0.040892
0.043954
0.040214
0.048872
0.052715
0.063088
0.045758
0.058622
0.052484
0.040439
0.039815
0.036547
0.048672
0.049194
0.034983
0.036259
0.041429
0.042972
0.035968
0.048167
0.059288
0.047542
0.050492
0.034481
0.048882
0.038046
0.040314
0.039213
0.0525
0.032609
0.040622
0.038565
0.036351
0.03585
0.05077
0.043194
0.044166
0.045181
0.040317
0.049099
0.130878
0.12474
0.123187
0.112589
0.059116
0.03512
0.041406
0.044285
0.036898
0.047214
0.046629
0.055203
0.038946
30.512599
0.037286
0.040209
0.04211
0.042033
0.04418
0.217052
0.061563
0.03909
0.21814
0.043058
0.218638
0.043962
0.233274
0.041649
0.230363
0.043116
0.209828
0.040723
0.21521
0.040567
0.215003
0.042177
0.210389
0.041749
0.215322
0.232751
0.036273
0.042943
0.211136
0.045225
0.213776
0.044118
0.21961
0.039417
0.216757
0.043166
0.215142
0.041021
0.22324
0.051165
0.220697
0.045708
0.209607
0.04316
0.218118
0.045592
0.225509
0.041065
0.21675
0.042624
0.217801
0.047551
0.217587
0.041627
0.217451
0.04215
0.211985
0.039211
0.208856
0.040295
0.211818
0.056128
0.218841
0.042724
0.230067
0.045766
0.217673
0.042611
0.210539
0.237285
0.040408
0.041203
0.217036
0.042741
0.219144
0.042494
0.221569
0.039556
0.214884
0.040714
0.216758
0.04343
0.221393
0.043466
0.207667
0.045848
0.217535
0.041972
0.215846
0.041315
0.214466
0.03929
0.214058
0.041568
0.212382
0.043465
0.220595
0.046856
0.218932
0.041861
0.222404
0.043783
0.212533
0.047795
0.215936
0.044315
0.211445
0.213362
0.043562
0.22294
0.216342
0.229432
0.043534
0.21752
0.226777
0.044725
0.215959
0.229402
0.042923
0.046343
0.216357
0.041547
0.218251
0.042467
0.213932
0.040984
0.222388
0.043883
0.229357
0.043117
0.240108
0.04167
0.219835
0.043468
0.219514
0.043644
0.20366
0.040195
0.210586
0.046183
0.21069
0.039952
0.213428
0.045496
0.208277
0.048072
0.204455
0.048105
0.213944
0.041592
0.209601
0.04576
0.211808
0.046223
0.22254
0.059577
0.220659
0.207771
0.039134
0.044441
0.208416
0.041546
0.206562
0.044028
0.218359
0.045024
0.222525
0.044268
0.21385
0.042682
0.211729
0.042095
0.233913
0.04184
0.219306
0.041301
0.216806
0.041767
0.220135
0.042347
0.220044
0.038836
0.211245
0.036296
0.221057
0.048984
0.038403
0.037472
0.203166
0.037411
0.036562
0.039522
0.034255
0.049028
0.054781
0.052763
0.215626
0.040833
0.043054
0.041834
0.213975
0.045817
0.222681
0.042441
0.043855
0.042561
0.223853
0.042288
0.21509
0.037313
0.214772
0.049881
0.217575
0.043469
0.223549
0.043157
0.221286
0.041717
0.222594
0.041387
0.214766
0.042652
0.23046
0.047645
0.21749
0.040852
0.219532
0.043381
0.234329
0.04303
0.219116
0.046691
0.217427
0.042644
0.214528
0.043194
0.217099
0.040689
0.211025
0.045237
0.217999
0.042142
0.229155
0.046722
0.219116
0.040106
0.216924
0.041865
0.226959
0.04111
0.210414
0.041653
0.210843
0.041739
0.217037
0.042296
0.229643
0.044865
0.217606
0.043415
0.215737
0.043387
0.206472
0.039327
0.20447
0.041787
0.212317
0.043156
0.208824
0.041223
0.21074
0.043959
0.226655
0.218501
0.217054
0.207076
0.228164
0.035001
0.045842
0.217744
0.040102
0.209548
0.040524
0.043518
0.039612
0.218414
0.039226
0.209508
0.044527
0.218062
0.049146
0.219467
0.044691
0.219746
0.03967
0.229855
0.043554
0.211768
0.205576
0.045039
0.210764
0.219413
0.047021
0.214311
0.216298
0.048435
0.210098
0.21091
0.043841
0.215569
0.206558
0.043911
0.213178
0.212621
0.044251
0.221581
0.211894
0.053166
0.220869
0.214453
0.044179
0.213172
0.216954
0.065892
0.218825
0.216999
0.042683
0.212113
0.207294
0.043611
0.217586
0.212452
0.045521
