0.004358767191550406
0.00429744262295082
0.0046409134813031674
0.004612741566724337
0.0046802784190969485
0.004520608943432506
0.004477521947267956
0.0043017701178689
0.004500228731789284
0.004545579603178856
0.004532627355702649
0.016064850905942736
0.004475766963862687
0.004592949795908445
0.004521715437593759
0.004413533236707281
0.0043926143596897255
0.004247446368846956
0.004537733995052391
0.004452356470854136
0.004653388217170903
0.00456490921810564
0.004646532070873624
0.004691662872977442
0.00443065319314044
0.0045558579937173506
0.004548997257395511
0.004410138211140583
0.004518554760046353
0.0045460220664794255
0.004482654964718367
0.0044057208040744296
0.0022166284998160167
0.004462015952045104
0.004643941576382969
0.004350518793907575
0.004334390992011229
0.0046139960615324506
0.004676360828221825
0.004514378442486834
0.004413570728216215
0.004527971153835679
0.004535050585899142
0.0045169981667088676
0.004155150823021819
0.016545281538712618
0.00443944561764775
0.004461766889868333
0.004630908481585796
0.004524821430593112
0.004646978820835718
0.004175340119196264
0.004479254172337727
0.004667229515946296
0.004685570195818496
0.0042968562130691335
0.004555368681311455
0.004603698708456228
0.004583079563585042
0.0045444564316350754
0.0045773612372641695
0.004673374391170796
0.004268829755396688
0.004311112975276643
0.020564280836116264
0.004603882277753348
0.004666632158859859
0.004651065891741768
0.004574424354345068
0.004627619125234078
0.004613330326264057
0.004542986214381505
0.003968105944585682
0.004468347624545539
0.004109651807916252
0.004476123634781597
0.004482253750528395
0.004517567647407256
0.0030148716196024615
0.01952396845393269
0.004531357431207463
0.004539651952630538
0.0033909167745561847
0.004533873264847106
0.004539493300336485
0.004540162690003801
0.004553856471890047
0.004317041273336276
0.004636528716758879
0.004641374699623915
0.004524392933920686
0.018181383910137523
0.004686272795739173
0.0045097351741647095
0.004603372399181781
0.004617137850251876
0.004634455701481022
0.004645374037884469
0.004528923341105711
0.004649661125703061
0.004588812195159648
0.004618102257968107
0.003865534624276704
0.0
0.0
0.0
0.0
0.0
0.0
0.0
0.0
0.0
0.0
0.0
0.0
0.0
0.0
0.0
0.0
0.0
0.0
0.0
0.0
0.0
0.0
0.0
0.0
0.0
0.0
0.0
0.0
0.0
0.0
0.0
0.0
0.0
0.0
0.0
0.0
0.0
0.0
0.0
0.0
0.0
0.0
0.0
0.0
0.0
0.0
0.0
0.0
0.0
0.0
0.0
0.0
0.0
0.0
0.0
0.0
0.0
0.0
0.0
0.0
0.0
0.0
0.0
0.0
0.0
0.0
0.0
0.0
0.0
0.0
0.0
0.0
0.0
0.0
0.0
0.0
0.0
0.0
0.0
0.0
0.0
0.0
0.0
0.0
0.0
0.0
0.0
0.0
0.0
0.0
0.0
0.0
0.0
0.0
0.0
0.0
0.0
0.0
0.0
0.0
0.0
0.0
0.0
0.0
0.0
0.0
0.0
0.0
0.0
0.0
0.0
0.0
0.0
0.0
0.0
0.0
0.0
0.0
0.0
0.0
0.0
0.0
0.0
0.0
0.0
0.0
0.0
0.0
0.0
0.0
0.0
0.0
0.0
0.016277874540826315
0.004404581661967025
0.004597481306147369
0.00453070051230625
0.00460906905472372
0.003983343552943792
0.004457666155111636
0.004415905829258161
0.004508253105246489
0.004636968372201987
0.0
0.004555343719210878
0.004580912692150008
0.004519571789722283
0.0045613574963731295
0.004344920607078682
0.004432878761604624
0.00442397575014475
0.004383830576403039
0.004592858444824553
0.004573966278657749
0.004662878599618135
0.004492732995882932
0.004474523879957543
0.004521179335009877
0.00459064175799417
0.004557721338492798
0.004566790010657349
0.004351174601579445
0.004379599507729656
0.004371538799060181
0.00438296614621503
0.0
0.004323997752986655
0.004620145259481648
0.00453391282873567
0.0042191034729870324
0.004534447008821136
0.0044623129471378885
0.004672791219563744
0.004529767323555022
0.004561788017138442
0.004534353023570904
0.0043580405528813645
0.004515687924647191
0.004631176785706327
0.004586371671573149
0.004495376268752116
0.004544903645824791
0.004309713875715166
0.004313233469790127
0.0
0.0
0.004146586869166523
0.0
0.0
0.0
0.0
0.00429976762426127
0.02120323649979085
0.0
0.004061245944181938
0.01930641478164742
0.004503959144708826
0.004500594185307458
0.004581947887856484
0.004586852482208458
0.004295142326300409
0.004184271880939342
0.004541958620810232
0.004585339534555339
0.004363548934821109
0.004586933470761102
0.004435901740186505
0.004507114090874096
0.004587459966073224
0.00455018742822863
0.004489360539515352
0.0045383681788900175
0.004429326476395888
0.004675987314872626
0.0040185307870569545
0.0
0.004592046594871206
0.004532063955060492
0.004506039154807733
0.004625698201271118
0.004538630822533323
0.004403601724337032
0.004243998611389061
0.004442691235728318
0.004368423819232791
0.0045388042831154135
0.004702980454010068
0.004688196778705166
0.0
0.0
0.0
0.01768017143562019
0.0
0.0
0.0
0.0
0.004384052517223776
0.0
0.0
0.0
0.0
0.004519193420863795
0.004378690617727957
0.004424945934724798
0.0
0.0
0.0
0.0
0.004289995576404048
0.0
0.0
0.0
0.0
0.0
0.0
0.0
0.0
0.004264686387351292
0.0
0.0
0.0
0.020141471856101722
0.004759132872673563
0.004699635774872745
0.004410498538342125
0.004515128726982003
0.004186724802929913
0.004556856916704855
0.004562609235524762
0.0044271327642877376
0.004358086246287052
0.004606065834893047
0.004646516488123118
0.004570792473495474
0.004526274983475205
0.004567336985103196
0.004599959123822635
0.0047660031509208535
0.004659804870392668
0.00447293970839382
0.0046310271507278185
0.004656583899737738
0.004617979119657009
0.004386027855364833
0.004584459549424151
0.004583241277181793
0.0045700989476762785
0.004683790866701073
0.004518009584813864
0.004500287200363786
0.004504339848004257
0.0045351446000691745
0.004563450790263011
0.004178307533016886
0.0
0.0
0.016919744788592504
0.0
0.0
0.0
0.0
0.004564934285149471
0.004429274557025153
0.004576504466890837
0.004644797833015229
0.004645633636332139
0.004482940208845182
0.004362674167728501
0.004441195953880131
0.00405669564402664
0.004473541465136653
