0.211997
0.04325
0.204624
0.044308
0.212466
0.047926
0.222214
0.042284
0.216174
0.037116
0.208459
0.041753
0.204583
0.042139
0.212317
0.215159
0.207316
0.048383
0.218538
0.042637
0.206477
0.044455
0.207733
0.043028
0.219055
0.043881
0.217896
0.045548
0.225199
0.049529
0.223305
0.043731
0.215592
0.043565
0.217694
0.046066
0.218978
0.042351
0.218527
0.043694
0.218781
0.046694
0.217676
0.04079
0.21447
0.045075
0.204456
0.053601
0.215837
0.042788
0.218831
0.044951
0.21344
0.041558
0.209867
0.038818
0.214732
0.043193
0.209524
0.050005
0.20863
0.219341
0.214882
0.049265
0.213488
0.047862
0.209136
0.043766
0.219061
0.04026
0.219438
0.042655
0.210319
0.045516
0.207841
0.044995
0.218705
0.047977
0.219234
0.042759
0.218022
0.041259
0.207622
0.042252
0.215774
0.074005
0.213136
0.040089
0.216977
0.044248
0.230736
0.041887
0.226577
0.037975
0.22027
0.040715
0.216631
0.040497
0.21771
0.053789
0.218948
0.043216
0.216881
0.040268
0.20891
0.035111
0.217664
0.072312
0.219787
0.050779
0.217857
0.041678
0.218879
0.040904
0.215455
0.209169
0.212122
0.077429
0.217232
0.040899
0.205728
0.040613
0.213896
0.043293
0.229553
0.043822
0.342653
0.080096
0.218425
0.222435
0.218187
0.054259
0.259959
0.041916
0.205168
0.044219
0.395828
0.255218
0.3276
0.230732
0.043974
0.22487
0.040355
0.230928
0.052075
30.334128
0.04223
0.209058
0.049462
0.218709
0.040994
0.21834
0.041584
0.218504
0.043975
0.215107
0.044117
0.217114
0.04069
0.215607
0.056482
0.217635
0.043604
0.220731
0.043438
0.2178
0.044856
0.217193
0.045352
0.220673
0.040748
0.209777
0.04497
0.208708
0.041477
0.217402
0.041775
0.224545
0.039618
0.256449
0.049757
0.212462
0.04205
0.217222
0.042519
0.220688
0.042751
0.217759
0.048445
0.218247
0.044411
0.216527
0.219933
0.21091
0.048398
0.218056
0.041796
0.212756
0.039816
0.212071
0.043008
0.211599
0.042367
0.215108
0.045051
0.224126
0.044525
0.213206
0.043828
0.220348
0.045925
0.219696
0.046836
0.287068
0.049175
0.21089
0.0443
0.21005
0.218888
0.218117
0.047538
0.211199
0.042916
0.249069
0.050585
0.213506
0.073772
0.221924
0.056689
0.045859
0.038683
0.04358
0.037969
0.160859
0.069647
0.040574
0.042492
0.04052
0.047695
0.038209
0.050892
0.060495
0.050349
0.057047
0.042105
0.049316
0.037033
0.040362
0.039337
0.049783
0.034175
0.036394
0.041633
0.037704
0.042123
0.043749
0.045079
0.035748
0.041647
0.036179
0.036636
0.040555
0.035067
0.035116
0.046142
0.03604
0.035211
0.044469
0.035801
0.036015
0.03942
0.038148
0.0344
0.386484
0.294838
0.206985
0.112979
0.039265
0.039711
0.040368
0.03864
0.034542
0.042015
0.037781
0.038156
0.04375
0.03496
0.037942
0.037389
0.035961
0.036469
0.042291
0.040919
0.033576
0.041821
0.039025
0.038224
0.045378
0.037082
0.038504
0.043977
0.033574
0.03181
0.037637
0.031471
0.03532
0.042693
0.033925
0.037192
0.04215
0.035264
0.03521
0.04454
0.03373
0.034312
0.038229
0.037812
0.04033
0.043189
0.037597
0.040354
0.041269
0.036681
0.035442
0.040556
0.035082
0.038555
0.039861
0.038645
0.038051
0.04313
0.033565
0.037204
0.042604
0.044715
0.038475
0.040787
0.046358
0.034755
0.046408
0.03556
0.03607
0.040686
0.036432
0.037665
0.039899
0.037714
0.038466
0.038376
0.03888
0.033626
0.040966
0.037925
0.040078
0.041602
0.0343
0.037517
0.04722
0.041941
0.037754
0.047203
0.035938
0.211437
0.039921
0.21434
0.038038
0.050285
0.21169
0.038468
0.039232
0.212376
0.037518
0.049605
0.212992
0.206975
0.057718
0.209906
0.225253
0.048578
0.211875
0.213444
0.038763
0.20843
0.205783
30.343964
0.212544
0.039675
0.046748
0.207684
0.041594
0.218609
0.044525
0.225888
0.043565
0.225424
0.04154
0.217371
0.048482
0.216846
0.042329
0.206396
0.039718
0.216339
0.044187
0.220284
0.04289
0.219807
0.041341
0.219485
0.042025
0.211881
0.041749
0.221464
0.037543
0.214866
0.047503
0.212607
0.043403
0.216762
0.04167
0.217891
0.037855
0.20905
0.040015
0.20731
0.040196
0.214864
0.220698
0.04198
0.209959
0.217372
0.040933
0.206191
0.049531
0.207824
0.05779
0.204703
0.215047
0.037679
0.047086
0.207039
0.048683
0.20942
0.04313
0.218175
0.042223
0.208616
0.042515
0.215427
0.046623
0.215312
0.050257
0.206266
0.044309
0.205819
0.040861
0.210371
0.040757
0.212819
0.045771
0.210927
0.039405
0.208348
0.042445
0.209991
0.042941
0.2198
0.044077
0.217653
0.042018
0.212851
0.042212
0.212095
0.041087
0.207068
0.040409
0.207114
0.044275
0.214181
0.040424
0.212867
0.042662
0.20429
0.042483
0.2288
0.223114
0.212951
0.225681
0.049951
0.217396
0.220205
0.219361
0.043988
0.040857
0.216974
0.040397
30.493284
0.043635
0.233851
0.054826
0.215014
0.040815
0.227398
0.04958
0.219123
0.044731
0.21879
0.04178
0.21053
0.046783
0.217433
0.043104
0.209304
0.037508
0.219289
0.045395
0.227333
0.039016
0.207169
0.041363
0.215658
0.059682
0.218618
0.240415
0.03503
0.043072
0.215081
0.051536
0.223986
0.039253
0.218169
0.040865
0.218254
0.046551
0.222388
0.040716
0.224073
0.041256
0.217249
0.038451
0.21477
0.043
0.211478
0.044225
0.211413
0.041774
0.217334
0.045421
0.217037
0.041706
0.221247
0.044414
0.220955
0.042265
0.217165
0.040621
0.217486
0.046852
0.218788
0.040939
0.220107
0.236683
0.041916
0.044228
0.215473
0.044177
0.220425
0.045582
0.224945
0.055858
0.218365
0.038868
0.21149
0.045779
0.213559
0.038379
0.212231
0.044192
0.217779
0.042772
0.221787
0.038679
0.219185
0.042901
0.22521
0.041443
0.215179
0.047053
0.223238
0.045443
0.21365
0.055929
0.217885
0.043193
0.219039
0.218397
0.210601
0.050199
0.218695
0.038942
0.217821
0.04313
0.217293
0.044152
0.213844
0.041367
0.20611
0.044659
0.212454
0.042817
0.215587
0.045828
0.225495
0.04091
0.237984
0.046452
0.224953
0.037477
0.217613
0.042778
0.214169
0.044005
0.217847
0.048221
0.216808
0.04327
0.215639
0.040523
0.207011
0.043366
0.209392
0.0452
0.209195
0.04193
0.214284
0.04662
0.204809
0.221548
0.207704
0.04397
0.221065
0.044399
0.21093
0.043606
0.21399
0.044892
0.211183
0.044494
0.222216
0.038824
0.222128
0.049246
0.217247
0.049286
0.216221
0.041957
0.21948
0.048328
0.216661
0.044502
0.237551
0.039439
0.216197
0.064232
0.205278
15.334889
0.20724
0.042939
0.211367
0.217964
0.053015
0.206429
0.213548
0.043691
0.210448
0.21069
0.049449
0.210216
0.206263
0.043525
0.207568
0.205948
0.049947
0.215705
0.21671
0.047317
0.22122
0.212564
0.044266
0.21815
0.209235
0.050017
0.207887
0.211131
0.038797
0.209925
0.215956
0.044549
0.218107
0.219046
0.048827
0.220437
0.21236
0.044737
0.208641
0.208252
0.044417
0.212482
0.204818
0.042608
0.213841
0.212154
0.053187
0.212206
0.217643
0.048439
0.218363
0.212321
0.050346
0.218764
0.217597
0.047349
0.218194
0.213638
0.04772
0.21903
0.207862
0.047081
0.212958
0.208888
0.049944
0.209628
0.211682
0.047217
0.222054
0.213788
0.049644
0.217244
0.206709
0.048544
0.207722
0.206027
0.044691
0.208848
0.209573
0.055629
0.217551
0.215505
0.047891
0.209024
0.210453
0.043265
0.21737
0.209204
0.049567
0.219197
0.218177
0.04452
0.217693
0.218542
0.047712
0.216446
0.210236
0.039207
0.210127
0.210776
0.043853
0.207971
0.210258
0.045673
0.20657
0.211407
0.045429
0.208851
0.206598
0.047516
0.212137
0.207579
0.045928
0.217598
0.207685
0.047549
0.217512
0.211625
0.048041
0.210353
0.203414
0.0465
0.203405
0.210416
0.041814
0.219115
0.216517
0.043622
0.210576
0.212419
0.039565
0.211513
0.208157
0.046032
0.217489
0.207138
0.045357
0.223685
0.208385
0.039355
0.208701
0.209278
0.047339
0.213288
0.218204
0.05255
0.219655
0.215243
0.04957
0.211406
0.207314
0.040833
0.212395
0.217212
0.045987
0.208198
0.207875
0.054284
0.208666
0.213308
0.0429
0.212124
0.206412
0.044039
0.215081
0.20972
0.040862
0.204666
0.208566
0.040483
0.219464
0.210765
0.048414
0.209244
0.217919
0.049514
0.216579
0.209987
0.050338
0.21748
0.218143
0.043087
0.223955
0.215573
0.050517
0.215177
0.199883
0.048502
0.205103
0.21048
0.039446
0.223352
0.218452
0.053316
0.214456
0.219946
0.048385
0.217344
0.207503
0.049679
0.214274
0.208696
0.050764
0.214326
0.216616
0.047184
0.214223
0.208657
0.049658
0.219396
0.223206
0.051794
0.216526
0.216785
0.050155
0.217531
0.207346
0.050173
0.208014
0.203979
0.041353
0.207743
0.207707
0.045605
0.218
0.217894
0.049466
0.217975
0.206264
0.043405
0.206504
0.225526
0.046132
0.21049
0.21376
0.046001
30.505751
0.217351
0.046964
0.227619
0.207802
0.046731
0.213301
0.20746
0.054734
0.212357
0.202312
0.040042
0.205817
0.202031
0.047367
0.205491
0.213819
0.040198
0.220053
0.210239
0.044481
0.213865
0.229064
0.045008
0.210751
0.223086
0.044896
0.217752
0.217885
0.04168
0.218553
0.208436
0.044943
0.220299
0.209423
0.039053
0.213194
0.208866
0.050716
0.212507
0.21665
0.048997
0.222197
0.220287
0.044981
0.215689
0.214019
0.040089
0.217997
0.210264
0.225888
0.057081
0.209533
0.050954
0.218785
0.043228
0.217637
0.049634
0.218608
0.041557
0.216084
0.04761
0.21413
0.038434
0.218293
0.043116
0.216085
0.043723
0.211982
0.041063
0.211687
0.045983
0.213796
0.046006
0.217437
0.044771
0.213117
0.044812
0.212801
0.041518
0.217961
0.045174
0.217246
0.043467
0.217876
0.043306
0.212915
0.044518
0.217575
0.042878
0.210126
0.047553
0.218209
0.215452
0.217196
0.047114
0.222331
0.041483
0.220437
0.042423
0.21216
0.046447
0.216302
0.043297
0.221442
0.044552
0.221814
0.040628
0.219397
0.045919
0.222767
0.039458
0.210513
0.042295
0.208378
0.042414
0.210209
0.041734
0.219368
0.049111
0.213215
0.042737
0.212257
0.042867
0.222328
0.045034
0.214992
0.043615
0.212946
0.043178
0.214412
0.043359
0.215537
0.044725
0.2103
0.056786
0.207494
0.043694
0.216925
0.221667
0.221366
0.061269
0.227491
0.046376
0.213346
0.043537
0.213699
0.041439
0.208076
0.044737
0.223346
0.046851
0.233786
0.042012
0.223847
0.048033
0.230765
0.042321
0.218435
0.043165
0.212296
0.041028
0.212524
0.040765
0.221388
0.043104
0.211045
0.043406
0.205466
0.04308
0.210303
0.043778
0.223505
0.049166
0.214686
0.0428
0.22658
0.04404
0.225876
0.050652
0.219482
0.039432
0.211793
0.049771
0.210347
0.043071
0.217264
0.213029
0.20962
0.041224
0.211492
0.04282
0.219666
0.0426
0.212299
0.045124
0.22069
0.040895
0.221384
0.050107
0.223779
0.042064
0.212062
0.047894
0.210854
0.044644
0.216345
0.042367
0.210427
0.04319
0.20751
0.047785
0.213254
0.043394
0.221275
0.217533
0.215443
0.043897
0.211453
0.041773
0.206562
0.044077
0.220497
0.042421
0.220431
0.040019
0.224348
0.047806
0.215723
0.038425
0.21104
0.041596
0.212291
0.051033
0.213199
0.047438
0.213458
0.042271
0.210254
0.210967
0.211923
0.037496
0.214644
0.046735
0.209943
0.04476
0.214818
0.045159
0.216997
0.043196
0.215421
0.042549
0.215231
0.045473
0.213848
0.040021
0.213428
0.040231
0.204025
0.038131
0.207703
0.043137
0.206711
0.045745
0.216245
0.045273
0.208115
0.228772
0.209175
0.040647
0.218285
0.041569
0.211776
0.044205
0.206376
0.040786
0.20487
0.039166
0.204173
0.038149
0.221386
0.043933
0.212486
0.040422
0.216163
0.041419
0.209117
0.042115
0.206888
0.039689
0.210501
0.044505
0.217854
0.038402
0.207519
0.042393
0.202926
0.042918
30.516056
0.039321
0.209074
0.042959
0.216462
0.231544
0.20232
0.041491
0.214139
0.038953
0.22134
0.041392
0.222896
0.041407
0.229114
0.038901
0.217886
0.042659
0.20806
0.042461
0.216845
0.041068
0.216346
0.043854
0.212281
0.042995
0.21534
0.041716
0.21327
0.04865
0.213376
0.055941
0.21402
0.234691
0.213181
0.040307
0.201288
0.042277
0.213819
0.043542
0.216916
0.044316
0.222736
0.039458
0.224559
0.050203
0.21394
0.042582
0.225643
0.05116
0.227776
0.048143
0.210541
0.052379
0.219675
0.044651
0.218579
0.041267
0.211307
0.041809
0.214371
0.043774
0.212571
0.045194
0.214925
0.039249
0.205311
0.214923
0.206306
0.051629
0.203878
15.328273
0.210981
0.051675
0.230695
0.045761
0.237712
0.04341
0.21643
0.041332
0.204901
0.045039
0.209834
0.044224
0.214046
0.045708
0.214362
0.053939
0.215633
0.041573
0.2186
0.046471
0.209951
0.041182
0.231994
0.044039
0.218215
0.052099
0.212187
0.040623
0.215684
0.044903
0.218076
0.040568
0.212881
0.045405
0.213046
0.035705
0.217228
0.042831
0.215774
0.041903
0.22039
0.221903
0.218269
0.049273
0.260096
0.044494
0.217819
0.04072
0.213049
0.039914
0.212989
0.040332
0.217582
0.040225
0.217728
0.041669
0.208217
0.038966
0.209917
0.041002
0.219258
0.056741
0.223983
0.228539
0.221977
0.044768
0.208461
0.041115
0.222677
0.04162
0.215134
0.041734
0.216437
0.042758
0.221274
0.041488
0.210977
0.038505
0.213474
0.04577
0.213574
0.044235
0.205908
0.042523
0.218588
0.044212
0.207265
0.042281
0.213432
0.045845
0.209805
0.04173
0.208188
0.223899
0.214876
0.045612
0.217891
0.041287
0.222063
0.043906
0.225488
0.048383
30.526005
0.040758
0.213877
0.043381
0.218105
0.04391
0.208254
0.044924
0.223401
0.042594
0.210064
0.039222
0.22022
0.046038
0.217731
0.041733
0.215078
0.042932
0.215831
0.042607
0.211245
0.042386
0.22081
0.039909
0.208761
0.040671
0.220142
0.04118
0.215186
0.046201
0.210448
0.043458
0.221677
0.040055
0.208843
0.224424
0.212244
0.039541
0.225818
0.040889
0.220024
0.04265
0.217623
0.203246
0.049651
0.21768
0.218611
0.047956
0.208452
0.205564
0.038849
0.213171
0.20979
0.045012
0.21739
0.221555
0.042247
0.214921
0.20468
0.048406
0.210428
0.222079
0.04578
0.218358
0.210347
0.04941
0.220021
0.216033
0.043117
0.210095
0.217005
0.045247
0.212436
0.204644
0.047009
0.206246
0.211223
0.042449
0.209512
0.203952
0.039578
0.210934
0.206613
0.045494
0.207355
0.210627
0.044707
0.211166
0.211818
0.044063
0.210934
0.217645
0.040543
0.208505
0.204603
0.048608
0.217579
0.213387
0.049856
0.208709
0.212376
0.040216
0.207599
0.207819
0.04114
0.205175
0.205551
0.042982
0.211672
0.204265
0.044383
0.217357
0.220288
0.045151
0.211497
0.221544
0.05095
0.218501
0.208916
0.048435
0.212577
0.216885
0.050866
0.213672
0.212533
0.043324
0.219226
0.21036
0.052566
0.218788
0.218006
0.0504
0.21972
0.221251
0.048836
0.216633
0.213449
0.042345
0.210004
0.2072
0.048045
0.208603
0.208233
0.042762
0.212048
0.209434
0.047961
0.213037
0.218477
0.051286
0.216985
0.213226
0.050588
0.217814
0.211899
0.041646
0.208787
0.210662
0.043426
0.210116
0.214179
0.046493
0.209156
0.210537
0.046314
0.21957
0.207948
0.05262
0.213366
0.207508
0.046121
0.213213
0.207676
0.042489
0.205808
0.216884
0.04377
0.217954
0.206763
0.064713
0.205947
0.220423
0.040995
0.210774
0.209112
0.046776
0.21306
0.215971
0.042886
0.212257
0.212562
0.044298
0.214873
0.20962
0.049382
0.219752
0.21261
0.046675
0.208262
0.205034
0.041029
0.215316
0.207699
0.046284
0.207764
0.213669
0.047679
0.2195
0.203469
0.048923
0.208227
0.207816
0.047886
0.20437
0.207954
0.042526
0.209407
0.21038
0.046108
0.208192
0.208555
0.04581
0.210096
0.212738
0.044407
0.207775
0.207397
0.041728
0.207446
0.203543
0.049731
0.220729
0.208558
0.041767
0.212848
0.210526
0.051307
0.210206
0.210754
0.045336
0.208437
0.213099
0.04516
0.216338
0.203568
0.042145
0.211525
0.209492
0.054832
0.217221
0.2167
0.050525
0.217004
0.20867
0.049417
0.216819
0.210625
0.042566
0.205958
0.205751
0.047295
0.209571
0.217004
0.053607
0.209771
0.211616
0.048148
0.204495
0.217328
0.043748
0.217243
0.217603
0.044715
0.214776
0.214317
0.048075
0.21092
0.216373
0.043428
0.208936
0.215238
0.044868
0.220669
0.219892
0.051493
0.219774
0.209691
0.045017
0.210829
0.210482
0.042077
0.216951
0.205299
0.049568
0.208865
0.204967
0.050275
0.211406
0.215689
0.050631
0.218122
0.218116
0.041154
0.221179
0.217259
0.040614
0.217679
0.215218
0.049946
0.218215
0.214814
0.041325
0.216116
0.210198
0.043825
0.210738
0.20906
0.046745
0.219603
0.21097
0.051676
0.215769
0.202845
0.051353
0.225847
0.234859
0.05086
0.205158
0.2136
0.046963
0.212611
0.20783
0.041728
0.211051
0.22119
0.046697
0.211789
0.209594
0.050935
0.217338
0.219347
0.041627
0.215859
0.204988
0.053346
0.211657
0.206581
0.039553
0.20703
0.20737
0.038688
0.210979
0.209724
0.043456
0.207755
0.208301
0.049498
0.21128
0.217751
0.044421
0.217137
0.218219
0.044526
0.209676
0.211468
0.045512
0.21398
0.212129
0.045042
0.20518
0.218577
0.043969
0.22137
0.209834
0.050647
0.21415
0.210927
0.047099
0.212617
0.211104
0.040291
0.215964
0.213624
0.049462
0.213645
0.207372
0.048661
0.210359
0.206677
0.043377
0.218066
0.222584
0.052944
0.215871
0.208074
0.046085
0.219438
0.215943
0.047246
0.206197
0.217072
0.04511
0.220018
0.208468
0.04618
0.207804
0.211063
0.044947
0.213207
0.213278
0.045685
0.218545
0.216381
0.047789
0.208728
0.212415
0.044209
0.219145
0.208552
0.068054
0.208007
0.208771
0.044742
0.211375
0.21072
0.042623
