0.02138915897699789
0.004455936253032494
0.0045841561845857935
0.00454669835658155
0.0047164871902523825
0.004642841879630633
0.004520584360824081
0.004361790596958698
0.018955901329380916
0.004647643910118792
0.004472395859605328
0.004558181164593497
0.004264703889945118
0.00428423842168137
0.0045640320449754045
0.00455526384232739
0.004514608895502287
0.004648033699333864
0.00462450422168843
0.004613739986768904
0.004594660762350923
0.004466849426243426
0.004495400577964665
0.004457264621703207
0.004806155200962028
0.0046398152180343695
0.004435437854542195
0.004275064322072163
0.004618179222747383
0.004382679618939166
0.004186990497929449
0.019175398537586787
0.0045807410463765625
0.00459585462409914
0.0046775817387116085
0.0046691693605912295
0.004615886772631314
0.004647763438527674
0.004451593528273374
0.004620052823402177
0.0045735535857327715
0.0046387588893018125
0.004499118117463685
0.0046094626235383875
0.004499269089842385
0.004070803782325317
0.004381630878992064
0.004392540087669982
0.004533433163152344
0.004618872021219971
0.004486409553610074
0.004761569852612672
0.004601828156414685
0.00439440228782873
0.004428845088911359
0.004529179957460163
0.004476104353819149
0.004128612812485101
0.019134175738381085
0.0046038261855816266
0.004441494929721343
0.004610689762885134
0.004475998311494758
0.004435508851158189
0.002986176956920309
0.016844730905303598
0.004523383578698101
0.003507552774191371
0.004549848738833507
0.002091072907118659
0.004635763397975526
0.003989307534906577
0.004487082753811244
0.004669153625636924
0.004520014119351145
0.004595676775583809
0.004687720921629882
0.004574459594736772
0.004638453472126128
0.004578238499208057
0.0047651180160680874
0.004658441809197512
0.0045161834698908805
0.004677255398492585
0.004500589312203457
0.004400398972671625
0.004597949190377897
0.004561262392279811
0.0045579062574017705
0.004488652724472848
0.004593965052509654
0.004556337422088927
0.004566970648278166
0.00434616542290508
0.004247593945023693
0.02095175220150514
0.0044823359210800166
0.0044201039627808055
0.004420635167644763
0.0046376823433457144
0.004612900261022426
0.004515496604595936
0.0045040323518830755
0.0043517485955026775
0.004174010977909618
0.004498378012406766
0.0034637498700017333
0.004453792465567011
0.02075175245008712
0.004574283398207728
0.004627181240822851
0.0038424964977494445
0.004300684089904986
0.0
0.0
0.0
0.016879412239593907
0.0
0.0
0.0
0.0
0.0
0.0
0.0
0.0
0.0
0.0
0.0
0.0
0.0
0.0
0.0
0.0
0.0
0.0
0.0
0.0
0.0
0.0
0.0
0.0
0.0
0.0
0.0
0.0
0.0
0.0
0.0
0.0
0.0
0.0
0.0
0.0
0.0
0.0
0.0
0.0
0.0
0.0
0.0
0.0
6.830459781032487e-05
0.004571300187402669
0.004536743437553891
0.004273820346671986
0.004314688601235273
0.004757384364992343
0.0046099227242379
0.004597237230435042
0.004804155413777161
0.004640488619706045
0.004496893667432277
0.004560952080190051
0.004459287364608545
0.00450483778789557
0.004587419462142842
0.004662632761276152
0.004639349131354395
0.0044286091528699546
0.004415830767514621
0.004282499285486884
0.0
0.0
0.004522468163074346
0.0
0.0
0.004482795164922392
0.00470692680098565
0.004270351593257116
0.0
0.00453233081158883
0.004516330682498514
0.004355857525059078
0.004207116388760119
0.004590337574447737
0.004493753008498719
0.004519586532648455
0.004653872761126767
0.0047440217036249935
0.004496402346124805
0.004579106008227188
0.00463270464768953
0.004517808247050665
0.004399928509654521
0.004625492298738398
0.004513260834016494
0.004512280931212106
0.004735519930731196
0.004519994458418017
0.004345279440667051
0.004629727281334199
0.004246274804340919
0.004259974669040291
0.0
0.0
0.0
0.0
0.0
0.0
0.004515923417736647
0.0
0.0
0.0
0.004325347629909592
0.004243210100676006
0.004357876064554211
0.004171497568289613
0.004624514511981967
0.004687979987390612
0.0044619201556096106
0.004513893097142162
0.0045563973577302614
0.004363805477545047
0.0046210133119879045
0.0045852029629956485
0.004546663542620371
0.004594340811219482
0.004217361177456569
0.014758031379705801
0.004591701645545009
0.004278496698401131
0.004041097079346005
0.004436432014037575
0.004492543615949642
0.004681838856324143
0.004443417878840034
0.004528933210427794
0.004504315442016312
0.004512854122695017
0.004472496918844064
0.004493276944979844
0.004616835273418756
0.004628417833731046
0.004558716079062758
0.004384551966244726
0.00444128137144176
0.004102836821496151
0.0
0.004511996838984698
0.004567663224893296
0.004372269946342711
0.004372697711899176
0.004557686355522222
0.004524865762467573
0.0043980802383703456
0.004547160935522301
0.004632007693722105
0.004467430338999993
0.004493276944979844
0.004460952842135992
0.004626290273177334
0.004617255814676824
0.004422215433980973
0.004229312120407368
0.01984604308632544
0.004540539618453364
0.004495536714413647
0.0045419139533740185
0.0045983815593688354
0.004499683098347594
0.0043382407882102455
0.004502178503344771
0.004205320156535182
0.0044348463044505786
0.004212108766521654
0.0045322467978109425
0.004537308002322931
0.004552933669244419
0.004545052736781907
0.004441513913673462
0.004392651496641487
0.004690900421966642
0.00446261477297494
0.004742387082714848
0.0042334516803213575
0.016079641869569592
0.004553193013819877
0.0044261144885837265
0.004657888456456914
0.004524762322778417
0.004221044380038224
0.004358602648367735
0.0046531746330629046
0.004449992199636211
0.004536411697489263
0.0045922901197194615
0.00459181831378168
0.004703656348521986
0.00451128186861073
0.004613832170409262
3.2481505531406114e-05
0.017244183620213988
0.004524058073483266
0.004517346711124056
0.004519213074828867
0.004713588271582538
0.004673421681734826
0.0046337065636893465
0.004453172154893121
0.004705429498739462
0.004559711253939575
0.004814583672911508
0.00469820152094693
0.004545440419051993
0.004653221515699726
0.004578132604924469
0.004578127562461725
0.004406851191100961
0.004423674420188673
0.0047181468468918426
0.004555473525121352
0.004654878642157532
0.004365840563071982
0.017767080851645887
0.004539141330153301
0.004394783281331116
0.004502354065658863
0.004525688522662439
0.0046098920480003545
0.004341126958912064
0.004217609377346467
0.004474022987120066
0.004467358316817637
0.004455687869091455
0.004436062702776545
0.004589506345061364
0.004631899297507399
0.004575411290597773
0.004457981696402237
0.004675961013364532
0.004582933020494749
0.004632012855573163
0.004585425528229805
0.004504471644909522
0.0044966844779090395
0.00418495436431625
0.017198376650405696
0.004518147094086866
0.004532098545800682
0.0045417650682648865
0.004415868298067413
0.0041660872716775986
0.004432264262445417
0.0043244521174604
0.004704098179838683
0.004589952333153338
0.004672696664909206
0.004658243422342909
0.004585127093422171
0.0044117062977291665
0.0046685190708686715
0.004830569449916266
0.00457254732988348
0.004558206157800773
0.004602628179248198
0.004615891898614973
0.004588092932896515
0.00444820636235411
0.0042580981301087025
0.004365547100334304
0.019757087141071283
0.004660034737061611
0.004560486691214226
0.004531041296079691
0.0041668933263426565
0.004464661558126296
0.00464543114705363
0.004549993173732663
0.0046410689379111055
0.004718907466821067
0.004592812770645284
0.004651440639386934
0.004613729744369582
0.004466767822505161
0.014699420956961489
0.00452159246704987
0.0044956047857302
0.00454480425728728
0.004495653409361305
0.004404969090912945
0.0043385894620596365
0.004597044022207967
0.00456901385140817
0.004463798515845657
0.004349398913004807
0.004471140218643541
0.02114681880574083
0.0047405535350954825
0.00468400727073574
0.0044285383769593345
0.004472015725276747
0.004619215931721195
0.004242768316184877
0.004436242615966205
0.004708579734968202
0.004665909246942475
0.004856566137337401
0.004665396010698896
0.0043825178862131504
0.00417791275399844
0.020656462054536508
0.004613458337356806
0.004706271280974191
0.00476046281642942
0.004643957141867569
0.00451448631118207
0.00447524170075227
0.004739975099068895
0.004321322988217755
0.004575794094755603
0.004559686244224364
0.004661586930458998
0.004489312051911807
0.004594310342007123
0.004767539257551514
0.004706575035838114
0.004496932588560752
0.004438123108363933
0.016813183658280075
0.0046038618804418495
0.004515202297709351
0.004393854144798112
0.00443368732386554
0.004227092760901157
0.004639509661749473
0.004474321582811256
0.004750511747831354
0.00457501847924071
0.004514775620861646
0.004732247350989985
0.004155055289040656
0.004272001841772048
0.017789589019520567
0.004772515160700671
0.00480105348486126
0.00444620316947548
0.0045205106146029095
0.004288105772901059
0.004389409023275756
0.004596860997814681
0.004535812707745426
0.004561322457561555
0.004487828837466421
0.004577346115006426
0.004432774757461712
0.0046124446841352435
0.0045629147641509955
0.004646485322935659
0.004449068147493238
0.0167583438388253
0.004537372391441275
0.004434912550214194
0.004550277089744306
0.004061611044230078
0.004341158696405967
0.00469025465041621
0.004652445469228677
0.0045629147641509955
0.004566800045705847
0.004736259178694695
0.004578984940721303
0.004780787463956228
0.0045982696443012195
0.004445023985593031
0.004634455701481022
0.004851475807138747
0.0046046932172934315
0.004537743902811803
0.004501076674846068
0.004393310782044371
0.004473897781432575
0.004215923904422072
0.016493939659927383
0.0045702496962553366
0.0034924428155276993
0.004509177449747721
0.004564127264601664
0.0046565369493226745
0.004505960997639998
0.004605667742582442
0.0044516650430327254
0.004585390118679107
0.004319418955725635
0.017293256547552184
0.004709801519036682
0.004288561474754416
0.004320788432312186
0.004357643060678049
0.004034072747248055
0.004584773068607986
0.004493097232941807
0.0047789131195603435
0.0045281585994651034
0.004553033413661657
0.0045004674880330196
0.004432883489181626
0.004509603069071467
0.004247789282203159
0.017460556277147203
0.0045406040993250085
0.004418882206169237
0.004437777205513383
0.004261450877345869
0.004433299555449371
0.004684624923924461
0.004745186110654465
0.0046581494555198305
0.004551732092542443
0.004416938187065711
0.004742976931854489
0.0044020999998940925
0.004723492444671723
0.0046696676890030315
0.004504437474600902
0.004399695644396271
0.004704747769335164
0.004613596597316569
0.004564387886002181
0.004556981812879538
0.004081376312326938
0.016958540617949335
0.0042416902285777845
0.004507940185586062
3.2456964242302536e-05
