0.036484
0.205898
0.068405
0.208606
0.04978
0.206362
0.047014
0.210732
0.051373
0.221422
0.044844
0.218307
0.045358
0.220215
0.045142
0.217219
0.043256
0.218514
0.0443
0.217891
0.043102
0.212145
0.040322
0.209553
0.046658
0.21717
0.040659
0.21806
0.038046
0.2161
0.045813
0.217424
0.038165
0.220268
0.046304
0.216896
0.042386
0.216311
0.044649
0.219995
0.041133
0.210691
0.042744
0.221564
0.043649
0.209531
0.043622
0.215918
0.039855
0.217477
0.040108
0.219024
0.044661
0.218272
0.041139
0.215032
0.040342
0.210393
0.04794
0.216988
0.047882
0.218398
0.041039
0.215437
0.047584
0.219577
0.044532
0.210358
0.044734
0.210074
0.044024
0.217232
0.046603
0.216901
0.04413
0.221739
0.043802
0.212584
0.04455
0.214892
0.04546
0.21373
0.046083
0.208106
0.043492
0.219864
0.043626
0.208543
0.039457
0.217717
0.053019
0.218603
0.044064
0.219255
0.043357
0.216324
0.035812
0.216464
0.040172
0.214189
0.041939
0.217451
0.044082
0.217219
0.043676
0.215477
0.042245
0.218413
0.040417
0.21068
0.041055
0.216961
0.216576
0.210155
0.045537
0.212363
0.041647
0.211575
0.045987
0.210572
0.046687
0.21285
0.042639
0.225328
0.04864
0.223887
0.044934
0.217892
0.049829
0.218153
0.045092
0.212351
0.044685
0.216209
0.042671
0.212412
0.040384
0.209424
0.04196
0.207904
0.045062
0.211169
0.042383
0.208944
0.044825
0.217567
0.044776
0.215557
0.043139
0.217263
0.043622
0.219105
0.044072
0.217039
0.045459
0.218689
30.485919
0.215906
0.043933
0.211871
0.042086
0.215989
0.216322
0.209458
0.048007
0.206618
0.04671
0.211102
0.046252
0.213948
0.0439
0.212954
0.045252
0.217163
0.21734
0.044806
0.210568
0.210225
0.051707
0.217521
0.21383
0.048696
0.215409
0.216878
0.048267
0.215975
14.495577
0.050478
0.209348
0.208414
0.044955
0.208315
0.208825
0.04562
0.212031
0.212528
0.042746
0.218151
0.212892
0.051008
0.217623
0.209131
0.047515
0.217207
0.205884
0.047928
0.215542
0.205026
0.046969
0.217243
0.212291
0.049437
0.225479
0.213784
0.043311
0.221845
0.207722
0.044122
0.217058
0.217215
30.425827
0.219974
0.223061
0.050178
0.214008
0.204245
0.046141
0.2144
0.208922
0.050248
0.220101
0.216631
0.044207
0.211803
0.206632
0.04645
0.212815
0.204342
0.04845
0.208706
0.209765
0.047566
0.218202
0.206856
0.051912
0.217303
0.207771
0.050493
0.220763
0.209096
0.049818
0.20862
0.206445
0.047764
0.217799
0.209494
0.045958
0.211322
0.207527
0.048792
0.221043
0.209276
0.050892
0.21183
0.212857
0.043276
0.212936
0.210795
0.050425
0.214424
0.202728
0.048126
0.209766
0.208948
0.044701
0.218244
0.20775
0.045265
0.205889
0.208683
0.045932
0.211212
0.209882
0.04795
0.211821
0.218186
0.048969
0.216388
0.208734
0.051651
0.211774
0.21011
0.045534
0.218795
0.208272
0.050686
0.207683
0.207477
0.053223
0.21864
0.20893
0.048728
0.208229
0.218732
0.054739
0.219819
0.205796
0.045842
0.216861
0.208603
0.048711
0.212882
0.20788
0.045246
0.217626
0.206383
0.048681
0.215771
0.216391
0.057925
0.212858
0.204337
0.045213
0.209118
0.206549
0.045717
0.210835
0.216972
0.047707
0.215816
0.207082
0.045304
0.215036
0.206744
0.048377
0.216937
30.676879
0.047613
0.212415
0.208098
0.046583
0.218534
0.205642
0.046331
0.212938
0.212871
0.045186
0.212477
0.209696
0.048479
0.210619
0.207009
0.046846
0.208154
0.210476
0.041795
0.218855
0.206683
0.048553
0.204077
0.20971
0.084069
0.215753
0.668436
0.437465
0.447911
0.038809
0.323061
0.490755
0.647756
0.656337
0.111537
0.594667
0.098552
0.513146
0.064727
0.46025
0.397704
0.475232
0.076296
0.131802
0.093776
0.079505
0.400592
0.046803
15.813239
0.345273
0.219059
0.474892
0.370391
0.419109
0.505377
0.259716
0.456345
0.152978
0.447725
0.423561
0.4397
0.419858
0.370806
0.381861
0.689234
0.416449
0.132451
0.109687
0.515378
0.558541
0.329552
0.291335
0.434933
0.360726
0.55496
0.070377
0.04542
0.324717
0.145492
0.350121
0.148621
0.490238
0.132738
0.430595
0.118048
0.105534
0.393197
0.316523
0.581079
0.282055
0.139397
0.527155
0.092382
0.492967
0.32518
0.085462
0.609587
0.102136
0.056287
0.556093
0.410844
0.523604
0.309196
0.130485
0.405674
0.117298
0.087173
0.384104
0.071504
0.281331
0.36591
0.336795
0.344076
0.436129
0.40032
0.127749
0.369003
0.11095
0.355238
0.093214
0.06207
0.045346
0.044782
0.2908
0.432673
0.638819
0.458019
0.148981
0.496052
0.131847
0.502915
0.471025
0.088458
0.426383
0.46929
0.428911
0.444711
0.103264
0.101741
0.460901
0.384501
0.391305
0.093698
0.376297
0.478699
0.075534
0.375125
0.087907
0.091479
0.348441
0.328303
0.343863
0.400302
0.464052
0.405263
0.146556
0.397931
0.051954
0.06624
0.048881
0.291165
0.13394
0.325109
0.393646
0.121717
0.09628
0.275755
0.119131
0.108645
0.287716
0.113193
0.32023
0.385473
0.372657
0.422504
0.128204
0.3855
0.314464
0.083151
0.26893
0.395643
0.381879
0.374954
0.119267
0.343644
0.288679
0.29468
0.513673
0.327439
0.072878
0.331337
0.094775
0.092668
0.048053
0.100931
0.373583
0.349539
0.1712
0.372088
0.458066
0.382318
0.442743
0.081308
0.363899
0.078215
0.371551
0.307466
0.344725
0.359502
0.068816
0.057898
0.320788
0.06368
0.28977
0.352435
0.331284
0.377161
0.311924
0.3467
0.392255
30.728522
0.364784
0.05986
0.055273
0.287016
0.278933
0.314306
0.315717
0.30713
0.411468
0.137692
0.081233
0.089876
0.28799
0.083543
0.293721
0.292652
0.375566
0.348014
0.303833
0.105907
0.329593
0.05517
0.061643
0.301783
0.387147
0.31959
0.312747
0.331165
0.349843
0.118057
0.084223
0.260919
0.066388
0.054648
0.106832
0.265651
0.26518
0.122407
0.111974
0.080887
0.29612
0.312447
0.401668
0.112309
0.285774
0.362674
0.304807
0.111346
0.340751
0.075904
0.324365
0.289728
0.141955
0.089668
0.368787
0.0715
0.332829
0.060336
0.27388
0.325261
0.10972
0.401656
0.04798
0.056042
0.316426
0.106088
0.323287
0.312912
0.290719
0.12822
0.32938
0.3676
0.333345
0.250437
0.096791
0.338295
0.050076
0.285288
0.312953
0.333534
0.310717
0.119829
0.366455
0.327644
0.28748
0.380692
0.334433
0.355974
0.091069
0.326981
0.363903
0.041947
0.08649
0.320548
0.277403
0.140208
0.28715
0.423486
0.11624
0.279342
0.321221
0.096593
0.121176
0.340219
0.269597
0.307573
0.301693
0.088169
0.078578
0.286234
0.294093
0.098014
0.275316
0.084562
0.086142
0.333362
0.272076
0.129855
0.324569
0.369337
0.297655
0.30837
0.418826
0.324363
0.368496
14.576134
0.336932
0.049884
0.046969
0.32343
0.156436
0.399771
0.344376
0.091667
0.374584
0.314791
0.067595
0.306975
0.084912
0.257785
0.078201
0.085459
0.435723
0.526152
0.909399
0.402602
0.901064
0.740733
0.6952
0.087259
0.575163
0.045059
0.527933
0.346085
0.977111
0.361903
0.853982
0.978271
0.834441
0.858423
0.761757
0.11999
0.672908
0.658576
0.747251
0.301244
0.309842
0.670273
0.939584
0.330452
0.898065
0.281478
0.927215
0.255811
0.870857
0.658553
0.890372
0.589596
0.8951
0.295388
0.322994
0.630857
0.867998
0.27787
0.29786
0.315649
0.254505
0.613063
0.60756
0.759278
0.861748
0.723255
0.903903
0.257961
0.809243
0.827374
0.266849
0.703109
0.258493
0.892752
0.771242
0.907815
0.209934
0.791681
0.626102
0.223554
0.826672
0.615721
0.839128
0.232977
0.853135
0.673755
0.824151
0.258854
0.724321
0.338512
0.398673
0.664943
0.73088
0.415557
0.671968
0.65063
0.43135
0.785464
0.860904
0.651927
0.429478
0.642567
0.756104
0.708285
0.670508
0.641328
0.774065
0.822204
0.79226
0.788518
0.820474
0.757329
0.724687
0.604154
0.419988
0.959495
0.678964
0.408218
0.768136
0.717711
0.698224
0.426718
0.730709
0.284849
0.259025
0.333862
0.711783
0.8789
0.296025
0.808411
0.722336
0.845028
0.628786
0.878249
0.327986
0.563687
0.746914
0.72499
0.628551
0.725419
0.740709
0.803412
0.73232
0.426756
0.463777
0.688425
0.690497
0.7122
0.748111
0.647548
0.736018
0.671478
0.75252
0.713189
0.372738
0.442682
0.744911
0.704579
0.441608
0.729004
0.441524
0.415076
0.429295
0.453452
0.465209
0.718491
0.356546
0.34976
0.36345
0.673963
0.765072
0.60585
0.322932
0.59336
0.770558
0.80259
0.7494
0.40295
0.596277
0.601143
0.64325
0.417944
0.74976
0.746288
0.484332
0.725296
0.898076
0.461986
0.673049
0.685749
0.653994
0.446331
0.446247
0.720004
0.65902
0.649585
0.643975
0.456031
0.850555
0.809844
0.787106
0.877448
0.416517
0.817453
0.381258
0.760227
0.713192
0.826733
0.796682
0.333133
0.849778
0.342851
0.318362
0.307777
0.285387
0.281851
0.817698
0.686399
0.764398
0.87856
0.148752
0.829917
0.190989
0.209906
0.673144
0.699517
0.239592
0.237571
0.592004
0.259152
0.331526
0.723884
0.682556
0.360461
0.688346
0.428666
0.672457
0.642557
0.345356
0.745112
0.78972
0.718896
0.618147
0.76261
0.389829
0.380737
0.436688
0.841604
0.909725
0.731004
0.314471
0.704204
0.664258
0.662249
0.813098
0.754178
0.625891
0.63336
0.604808
0.641459
0.667659
0.655868
0.744737
0.421338
0.618295
0.669124
0.412975
0.74599
0.40871
0.562751
0.625201
0.357594
0.762414
0.389431
0.396173
0.664951
0.400665
0.647573
0.430985
0.459396
0.590396
0.652142
0.683795
0.748662
0.335213
0.666239
0.76957
0.396197
0.303814
0.335488
15.70107
0.763884
0.782924
0.670555
0.600312
0.223473
0.670357
0.737352
0.324008
0.375952
0.806833
0.81614
0.71329
0.29356
0.604464
0.814341
0.734449
0.357142
0.798904
0.306356
0.775921
0.707184
0.752716
0.806733
0.833935
0.799484
30.708574
0.780229
0.861567
0.249445
0.282257
0.878061
0.783175
0.254225
0.818125
0.730858
0.26372
0.72654
0.254388
0.30218
0.269297
0.802974
0.626418
0.21905
0.707716
0.271829
0.878223
0.795268
0.921273
0.286813
0.777249
0.857919
0.227499
1.014267
0.315027
0.30449
0.881361
0.57737
0.240648
0.499847
0.948068
0.949797
30.976797
0.526304
0.277166
0.673927
0.750108
0.611547
0.636524
1.539137
0.81183
0.980125
1.294169
1.360914
1.042606
0.64444
1.069515
1.109208
1.197727
1.047993
1.368201
0.5361
0.980709
0.59547
0.984725
0.916127
1.107302
1.360862
0.658873
1.362803
1.245301
1.079091
1.470801
1.334522
0.615394
0.613363
0.916776
1.364677
1.355674
1.324843
0.609295
0.642367
0.875903
1.009239
0.612128
1.442801
1.518948
0.553372
1.625906
0.500288
1.177266
1.076377
0.42626
1.602559
0.948466
1.228111
0.807209
0.463256
1.650521
1.16887
0.356882
0.349843
0.333977
1.59371
1.107852
0.355661
0.250921
1.027186
0.244078
0.286021
0.184818
1.44364
1.560969
1.469934
0.971696
1.588473
0.911839
0.333318
0.2812
0.994815
0.351375
0.974671
0.343616
0.385455
1.539243
0.814281
0.952331
0.392848
1.755489
0.349922
1.745122
0.676015
0.340452
1.691955
1.546501
1.600879
0.323306
0.379464
0.356518
1.637879
1.606017
1.590867
1.893225
0.398137
0.389123
1.593229
1.552509
1.610476
1.588887
1.58459
1.562426
1.663043
1.622422
0.573136
0.93805
1.75142
0.877977
0.82991
1.801173
0.785939
1.907685
0.525377
0.582409
1.731635
0.927941
1.862103
1.815421
0.421366
0.760676
0.772688
0.7406
1.966198
1.84879
0.775392
0.475188
0.79474
0.820968
0.460135
1.961886
1.950646
0.364506
2.062748
0.363603
0.395536
1.907887
0.30882
0.250855
1.827132
0.780785
0.191864
0.253334
0.23551
1.894519
0.860508
1.791308
0.21017
0.998484
0.784165
1.717674
0.126096
0.097005
1.776351
0.791778
1.857527
0.188242
1.647389
1.711835
0.290164
0.874329
1.73313
0.828638
1.744147
0.675028
0.38201
1.926625
0.263836
1.870163
0.870174
0.303803
2.066986
0.303952
1.921509
0.290597
0.241476
1.879745
0.848447
0.755736
0.615835
0.760217
0.743783
0.966465
0.752486
0.221465
0.18915
0.158852
0.80361
0.136884
0.097825
0.728227
0.716303
0.100203
1.567594
1.632807
1.592615
0.214187
0.204295
0.237396
0.213362
1.545966
1.636421
0.632436
0.677525
0.680826
0.698876
1.69471
1.745866
0.766869
0.690165
1.67763
1.791138
0.744874
0.807815
0.560008
0.495706
0.524593
1.872757
1.793696
0.650355
16.366883
0.529882
1.831282
1.867101
1.857481
0.822449
1.844963
0.856148
0.416836
0.691066
1.805433
2.087378
0.450976
0.499736
1.822434
0.379398
0.893012
0.86992
1.732178
0.393342
0.873412
0.339263
0.862547
1.705932
1.648131
1.80555
0.801977
1.860285
0.851093
0.734193
1.769383
0.432258
0.781577
1.710603
1.812138
1.801861
0.532954
0.427487
1.921662
1.969294
0.780118
0.453222
0.783246
0.454704
0.460609
0.839799
0.425096
1.874902
0.789959
0.409221
0.355547
0.428934
0.363955
0.794087
0.285527
1.673403
1.65203
1.842022
0.241123
1.734313
0.555833
0.353074
1.729136
0.863285
1.754016
0.649843
0.427296
0.758221
0.417673
1.778331
1.754924
0.455363
0.886133
1.780541
0.992372
0.910514
0.924552
32.732966
1.678706
1.938387
0.423729
1.662311
0.322748
0.802523
0.350758
0.833367
0.313188
0.781723
0.785489
0.990871
1.013039
1.874829
1.788002
0.334012
0.337113
1.808259
1.840558
1.813573
1.871937
0.843665
0.257818
0.200402
0.904656
0.220517
0.272674
1.838832
0.201122
0.974142
0.171544
0.887604
1.876907
0.825883
1.587328
0.162137
1.465788
1.458533
0.085483
1.353507
0.612519
1.309469
1.518884
0.996276
0.972362
1.746494
1.276787
0.726732
0.832833
2.129291
2.070696
2.085066
2.130815
1.018601
0.869713
0.786297
1.934847
1.18229
2.007502
1.150063
1.895816
1.10847
1.144378
1.864967
1.959221
0.991768
1.929843
1.943538
0.770876
2.06022
1.923277
0.743335
2.04868
1.96509
1.202787
1.285675
2.188036
0.823244
1.32056
0.762717
0.817551
2.24067
1.386568
1.309646
1.441378
0.69745
2.287082
2.173736
1.476606
0.743157
2.010098
1.591264
1.403227
0.563184
1.393632
0.553202
0.601956
0.586011
1.551179
2.126402
2.255985
0.591835
1.52645
0.548774
1.379561
2.056862
0.45088
0.47009
2.231241
0.435008
0.413221
1.308192
1.380398
0.425361
0.44066
2.194196
2.083787
0.416718
1.384457
2.163763
1.364763
0.410827
1.287676
1.318451
2.142685
0.374299
2.073485
2.087095
1.259866
0.421606
1.245749
1.305916
31.653811
2.084188
0.384691
1.160583
0.461215
1.185849
0.406137
1.372771
2.195702
1.462851
0.496043
0.400763
0.459656
1.397188
1.443452
2.186295
0.428171
0.324959
0.44326
0.325953
0.330117
0.28745
2.422665
0.350904
0.330761
1.363343
2.147345
0.282221
2.162246
2.053845
2.30187
1.309747
0.24861
2.288972
2.337601
1.348026
0.244077
2.316508
2.270454
1.253849
2.324793
0.287663
1.274566
0.26352
1.337247
0.293768
0.24844
0.310905
0.274409
2.177415
1.278294
2.010738
0.222951
2.041754
0.238993
0.299857
2.07044
1.231192
1.361944
2.185804
0.400659
1.29569
0.407373
1.251143
1.95375
2.261467
2.308365
1.281621
1.338787
2.113136
1.227284
2.381242
2.325529
1.322316
0.507046
1.418305
1.275978
1.223253
1.295362
1.389912
1.242293
1.345903
0.439893
2.302775
2.477023
1.425237
2.729249
2.349108
1.46124
0.424739
1.346346
1.341173
0.343714
0.295006
0.300906
0.27385
2.606889
1.400198
2.454938
0.308616
1.301863
2.354482
1.339712
0.235961
0.239295
2.594238
2.432804
2.469507
0.213574
1.323353
1.320686
1.292708
2.421904
1.185068
0.228239
2.756047
2.525022
1.301304
0.23956
2.705795
1.302943
1.411931
2.718027
1.336063
0.278342
2.668082
0.210912
1.269177
2.71544
1.242088
2.692608
0.234691
0.147548
0.101248
1.249924
1.263627
0.132453
0.117185
0.072028
1.084967
2.392769
0.104465
1.032827
0.114
1.070142
0.983606
1.072942
2.432815
2.535735
0.21992
0.226846
0.189838
2.370337
1.051639
2.356563
0.295482
2.230499
2.376168
1.047854
0.33772
1.022983
2.329587
2.402216
2.498768
2.419768
1.023009
0.931948
0.492221
0.529624
0.51384
2.719445
2.479107
0.568798
2.42406
1.186218
1.12285
2.371424
0.410177
0.421729
2.677508
1.03431
1.078927
2.575689
1.00732
2.541464
1.046021
0.410213
2.591051
2.559597
16.657788
1.002411
0.838647
2.4247
0.835781
2.767959
0.490203
2.901426
2.814446
2.423969
0.483167
0.399426
1.145999
2.412827
0.44432
0.968872
2.661155
0.446202
2.431317
0.911316
0.886404
0.456205
2.678594
0.473097
2.832207
2.760709
2.972139
0.982429
2.632483
0.936412
0.45326
0.834387
1.098393
2.89451
0.410372
0.439664
0.468133
2.915644
2.740619
1.120741
1.130221
0.861844
2.754592
1.010726
1.069619
0.270398
0.354037
2.587999
1.065844
2.547272
0.977235
0.78498
2.421333
0.84344
0.22498
0.857437
0.84406
0.205163
0.700589
2.475648
0.613421
0.674476
1.071035
0.660386
1.078601
2.593412
2.740817
2.668129
0.672437
1.039338
0.789543
0.77747
2.726303
1.073629
1.199623
0.819282
0.808376
2.810811
1.167782
1.183576
0.689586
2.624449
2.704565
2.621691
2.962376
0.97947
0.747421
1.0966
0.738133
1.143718
2.692696
0.748006
1.002803
0.979831
3.165256
0.781226
1.271414
0.68043
0.666186
0.704923
1.318328
2.880882
0.786139
1.377373
0.715732
3.012018
2.889161
2.849764
0.592577
1.353667
2.992851
0.550266
3.084701
0.630419
0.606094
0.652539
1.241921
3.075426
3.135606
1.152597
1.172402
0.632223
1.063016
1.154844
0.618303
1.213319
1.131675
0.624919
1.22564
3.306092
3.289535
1.103014
3.321883
3.306712
1.16922
1.041371
1.051175
0.579912
3.372923
