0.004442643750988666
0.004226478117983926
0.00453255321603629
0.004476465899508365
0.004431092459514116
0.004521346546026511
0.004530024035564003
0.004608292336910307
0.00464357322370185
0.004506356696184636
0.004367914267489552
0.004542484770064696
0.004341888786867436
0.004553567120538379
0.004335394627791007
0.004637718565132496
0.004600346046787548
0.004454164734929017
0.0046226887019498114
0.00460302064881075
0.004520766278457663
0.0046681835083293936
0.004625559215050867
0.004771118232396799
0.004594183391305597
0.0047540434440479454
0.004700778492400707
0.0046849681349757834
0.004659956370876697
0.004594742026877198
0.004635794419498964
0.004746426968345013
0.004625183479306849
0.004545405624352071
0.00458957222420974
0.004587470092167577
0.004616312268021315
0.004673537284920636
0.004634662402811646
0.004596383169488339
0.004618651329518306
0.0047278819779834795
0.004642810763716299
0.0046170352773905465
0.0045913466047794
0.00476519449622481
0.004652341321621207
0.004743821374930952
0.004498489986352651
0.004640115634631893
0.004579635753847714
0.004564818979027261
0.00459398536221985
0.004585076515101374
0.004208074722831628
0.01730362330098704
0.004681406468848478
0.004498713950968837
0.004401209709321779
0.004375528592407009
0.004124532394489186
0.004476923941234759
0.00450497449653664
0.004626279974979576
0.004648844670368693
0.00462057154037013
0.004771852202553909
0.004486462821085717
0.004533487553116302
0.004567889110512544
0.004672360501570922
0.004633701398062712
0.004603683411675579
0.004657277832929592
0.004622092411707144
0.004578601602516793
0.00457861168954198
0.004667428668961142
0.004112359733939354
0.004479162461098132
0.014721964404240322
0.004612971932994325
0.004564793913249752
0.004401992773054422
0.004091133941147116
3.220115752654922e-05
0.003849250361397806
0.0036518479642525165
0.00664587352782228
0.002162069725236399
0.0021082324528056895
0.002327916403345569
0.0022743542616011593
0.0023386908591684014
0.0026023719141657557
0.004866123687925992
0.0021582561293866822
0.0102100073789136
0.003389293728361076
0.006674709608627789
0.0026910812311800006
0.007726700332932427
0.00259517077014329
0.0071394554470581165
0.0024838269632519207
0.002322710381731943
0.00357283910274924
0.008697341689142957
0.0028019838199635576
0.0020247759643071306
0.0036517035908600125
0.005886629907052957
0.0062970381877375655
0.0027551342080179867
0.01829477798757917
0.0033813365265719974
0.009633251283952907
0.002628094768223017
0.01622697262161772
0.0036310513564393196
0.006202110560681842
0.0026965369206236756
0.002676757861764827
0.003269485104434925
0.010375099254170952
0.0029965145761392227
0.007947296471420513
0.002315407807162768
0.0032667639103819072
0.0034496639300996917
0.0027669509783885796
0.003586570333465065
0.00747493150813033
0.0034721668689599175
0.011193605911674965
0.0024248081816426407
0.0169400179484776
0.011079656416599139
0.004015262202361114
0.002957425635946563
0.004018282156705603
0.00786188547315381
0.0028556222782980404
0.0027697609061425703
0.003089482123014236
0.00325387756533502
0.013840559355614235
0.0026119269587620768
0.002839149942555194
0.0032219560334616985
0.003487657443005899
0.007840486030105256
0.0028378221491241547
0.003322620669919032
0.0033040323236819616
0.007315663679308379
0.0023336789576428726
0.002698287416209114
0.0030563805288390837
0.0129257777100547
0.012285542368522947
0.010176884869170068
0.00336215257733293
0.00985059072897905
0.0034288079257905786
0.0031435899781581448
0.003324712257238842
0.002763907803139768
0.013803283865997183
0.0036397857611968005
0.0030553740230871915
0.0030626569081465666
0.0031494614306919327
0.00684997052401207
0.00968286846709173
0.0022089045137790976
0.0033440296320610663
0.003552292541267664
0.008994050057882267
0.0026289707676758222
0.01392415519540122
0.022135475210088507
0.0029454235918454697
0.0009549964649632505
0.002816245086288494
0.002732077418676342
0.004755784054919909
0.006493572540669236
0.0016021536235403405
0.0009514387590830693
0.0017060527492265094
0.001333896193993712
0.005223036677004116
0.001088811484745578
0.0012442123906520526
0.0014225448940164242
0.0014054329375812133
0.0012251734390999775
0.0015171465628409336
0.0012280359143656873
0.0025219245028419435
0.003150650294973959
0.0009769751109115845
0.0011728750092764955
0.0012959210329567682
0.001506111242401151
0.0023223599892278346
0.0024596791742830986
0.0013040938445643712
0.003212562924123774
0.0013751625307021258
0.001576715098785682
0.0013322706712356122
0.0022975335568652033
0.0013109266925284638
0.0012657386221309622
0.0029460603223789876
0.0010762029774941543
0.00453913141629064
0.003723550968925582
0.001214973058151611
0.002239175852022962
0.001365153067866895
0.0012369654660141821
0.001525240071760371
0.0013377857788165652
0.0015045575067064402
0.0015691023502436012
0.001410035651224949
0.001247217768858648
0.0012451661934009615
0.0013297785376309686
0.00137188100951145
0.001169609978738228
0.0012614432807225562
0.0015617874832466563
0.0012514211378824062
0.0011778474296262166
0.0036267330815783778
0.0014617229089886059
0.0012980136935266935
0.0016742204350861025
0.0007648320076605468
0.0007313358351906066
0.0017929332083566442
0.0024958899361099103
6.23257660977861e-05
0.002444710381690883
0.0013343261105512926
0.0005068525411003596
0.0011525918938914135
0.0005332233244034207
0.002197707659331026
0.0015545288731246044
0.0024258171822493122
0.0013224806193065921
0.0015027733107537702
0.001276213304250856
0.0025645258352567793
0.0018963451252054745
0.0009599137726453731
0.0010445805584190842
0.0011263119846781336
0.0004943500770267222
0.0012299374798231092
0.0008056738658495739
0.0008673886978658119
0.00045585640905958284
0.0006930391985028618
0.0020813330288864053
0.002219573458814684
0.002312813066649751
0.0007747088127011416
0.00044606545919556037
0.00040723069701704176
0.00043406990014593076
0.0004115160860900205
0.003267701298415424
0.0007491939965782486
0.0003944136309208584
0.00037090104814626896
0.0010315333208255532
0.0003916384548139184
0.0022097241796910096
0.0011484205011539311
0.0008917801690809026
0.0019293447574646524
0.002379070674601948
0.0026698598343828928
0.0003428521707743217
