0.223414
0.047636
0.045125
0.22133
0.056129
0.218288
0.047927
0.042116
0.211874
0.043375
0.217807
0.050481
0.046576
0.210568
0.217
0.05213
0.044676
0.216421
0.210279
0.052226
0.043172
0.212278
0.22181
0.051786
0.041991
0.218447
0.208825
0.064523
0.044743
0.205415
0.221707
0.050209
0.045474
0.216857
0.221743
0.05677
0.04628
0.217277
0.206356
0.052558
0.040867
0.212394
0.207651
0.052672
0.041833
0.210487
30.515642
0.049512
0.049616
0.214835
0.212331
0.054657
0.042154
0.207819
0.211593
0.04613
0.043751
0.206763
0.212707
0.043248
0.041673
0.21102
0.206415
0.058351
0.038367
0.210837
0.22252
0.046919
0.04701
0.211152
0.210096
0.04788
0.043432
0.210294
0.216536
0.050009
0.044116
0.213014
0.210196
0.053203
0.041198
0.207312
0.219759
0.049351
0.043101
0.223272
0.209928
0.055746
0.045543
0.217376
0.217125
0.051224
0.050185
0.212485
0.209841
0.054697
0.041732
0.206403
0.212421
0.046624
0.057953
0.221226
0.208883
0.059825
0.050357
0.218172
0.207105
0.047933
0.040075
0.210489
0.210243
0.041162
0.045684
0.208091
0.209557
0.053946
0.037051
0.218949
0.208945
0.055281
0.038839
0.211628
0.213907
0.049692
0.0376
0.213177
0.209331
0.045275
0.04731
0.218161
0.206642
0.061308
0.042914
0.218162
0.207984
0.052182
0.042323
0.209319
0.207244
0.050327
0.039411
0.213417
0.215695
0.051944
0.046843
0.209046
0.215416
0.047663
0.053656
0.219729
0.210284
0.052388
0.046619
0.211913
0.211529
0.046784
0.218462
0.054852
0.048306
0.21254
0.045427
0.208926
0.048642
0.214053
0.04502
0.043172
0.221084
0.052221
0.220999
0.047635
0.049997
0.206456
0.053441
0.207207
0.04785
0.216228
0.055744
0.049768
0.209285
0.045145
0.211204
0.048304
0.219412
0.050032
0.052542
0.204477
0.047985
0.211161
0.04905
0.218451
0.050781
0.047203
0.208371
0.049596
0.218655
0.050839
0.221287
0.046026
0.047655
0.210544
0.042876
0.210714
0.049925
0.055358
0.211422
0.057602
0.212307
0.048844
0.220045
0.048114
0.042333
0.203099
0.05235
0.212825
0.045552
0.206636
0.051228
0.045053
0.21677
0.050373
0.213493
0.0474
0.042599
0.208561
0.056613
0.209125
0.044073
0.208107
0.045184
30.478224
0.207762
0.049835
0.222488
0.052595
0.222738
0.047012
0.038212
0.211332
0.046518
0.21873
0.048197
0.043228
0.211649
0.044671
0.211388
0.044322
0.050131
0.21136
0.048313
0.210494
0.046359
0.216995
0.046475
0.053034
0.209441
0.05567
0.216639
0.048063
0.2221
0.055411
0.04792
0.210725
0.049548
0.216284
0.049524
0.216849
0.051461
0.045204
0.20775
0.049972
0.210438
0.050264
0.048578
0.209692
0.063083
0.216492
0.049148
0.215086
0.044066
0.041888
0.210296
0.052397
0.214467
0.046255
0.21753
0.047467
0.048208
0.206604
0.051942
0.21696
0.047997
0.046716
0.207834
0.056059
0.218803
0.05186
0.213377
0.050544
0.043467
0.217948
0.048599
0.218695
0.046078
0.047926
0.207206
0.054877
0.207326
0.043439
0.214948
0.047204
0.059241
0.208014
0.054134
0.210176
0.049968
0.04143
0.206876
0.049025
0.20193
0.045958
0.214768
0.047334
0.044159
0.203693
0.052594
0.204973
0.050087
0.214854
0.047746
0.052952
0.204685
0.05092
0.209255
0.052554
0.047791
0.207846
0.051596
0.215062
0.050368
0.229914
0.045057
0.047514
0.214563
0.060429
0.210877
0.044909
0.220875
0.049398
0.042471
0.209262
0.059517
0.211689
0.05441
0.221843
0.047945
0.044357
0.216588
0.046077
0.211158
0.042579
0.221445
0.045262
0.047799
0.20753
0.048782
0.218529
0.331973
0.288389
0.373052
0.40131
0.479525
0.2593
0.414029
0.219054
0.213041
0.243159
0.392226
0.370488
0.180341
0.403455
0.204008
0.415514
0.400224
0.231937
0.462986
0.419324
0.210593
0.214975
0.399391
0.162443
0.225443
0.223724
0.233663
0.198893
0.361165
0.371619
0.238096
0.404147
0.37389
0.40351
0.21879
0.399447
0.187686
0.218704
0.399161
0.231881
0.367957
0.38677
0.227312
0.223052
0.376067
0.372113
0.396734
0.199644
0.22543
0.364023
0.178804
0.401279
0.368937
0.376858
0.379619
0.433883
0.422865
0.236308
0.227761
0.207433
0.38375
0.399052
0.382373
0.411761
0.416519
0.426656
0.436395
0.400607
0.381973
0.178123
0.157229
0.364565
0.368455
0.211435
0.373137
0.332371
0.203565
0.386704
0.187597
0.355394
0.344227
0.182535
0.351309
0.345801
0.34166
0.346962
0.15428
0.328275
0.162071
0.158809
0.327372
0.157148
0.362071
0.344759
30.819539
0.324956
0.152695
0.326257
0.158126
0.150298
0.274578
0.129991
0.370749
0.178259
0.17728
0.138809
0.291445
0.156508
0.113908
0.101727
0.122442
0.112256
0.15837
0.110657
0.264397
0.326756
0.150818
0.132486
0.123135
0.319458
0.27623
0.333961
0.331516
0.147552
0.319345
0.112936
30.936974
0.314566
0.140977
0.121522
0.104717
0.137634
0.325263
0.280599
0.305212
0.133509
0.321007
0.162092
0.29503
0.28232
0.341323
0.152264
0.131959
0.111983
0.286797
0.302779
0.168154
0.278459
0.2839
0.142544
0.147957
0.113967
0.286933
0.314115
0.187619
0.313608
0.111225
0.284449
0.120908
0.172032
0.137583
0.306309
0.319368
0.152364
0.281758
0.132735
0.133015
0.269468
0.156447
0.109916
0.099745
0.251202
0.30568
0.34086
0.318656
0.342455
0.136043
0.105692
0.261583
0.116348
0.246888
0.296699
0.126066
0.287383
0.091497
0.10462
0.279583
0.123709
0.117309
0.090716
0.117246
0.115535
0.111758
0.075876
0.085463
0.28888
0.283516
0.129117
0.297495
0.307969
0.33263
0.290562
0.325606
0.158022
0.090221
0.251378
0.14443
0.328902
0.114462
0.297609
0.29172
0.151323
0.312208
0.342087
0.270598
0.308417
0.313127
0.118333
0.278456
0.295098
0.307277
0.109048
0.074205
0.284041
0.281715
0.098449
0.108891
0.108486
0.283323
0.285494
0.133443
0.301116
0.095165
0.099625
0.095866
0.11258
0.266682
0.298801
0.300778
0.336231
0.118507
0.110752
0.110815
0.265916
0.291409
0.110667
0.110495
0.092113
0.088695
0.09945
0.119855
0.295624
0.253705
0.187381
0.111844
0.110437
0.279968
0.257443
0.130902
0.292185
0.28184
0.12882
0.088041
0.078722
0.266105
0.294056
0.289419
0.133449
0.111414
0.115837
0.079165
0.246864
0.261611
0.127839
0.074504
0.058338
0.116439
0.117528
0.259354
0.334866
0.133073
0.280997
0.274677
0.141942
0.086174
0.256762
0.114372
0.123727
0.298707
0.27339
0.119605
0.096697
0.146633
0.13908
0.329338
0.3242
0.173216
0.125786
0.143466
0.146491
0.129063
0.157761
0.169651
0.331764
0.339768
0.172138
0.185943
0.325799
0.154341
0.118325
0.077361
0.049234
0.309754
0.291969
0.118815
0.112742
0.119251
0.292133
0.258516
0.121752
0.305533
0.250458
0.151435
0.301581
0.126953
15.964437
0.291481
0.357217
0.149297
0.290087
0.132776
0.130382
0.100546
0.111486
0.267256
0.285075
0.279568
0.293342
0.309177
0.105941
0.423731
0.673513
0.747069
0.634688
0.611732
0.273355
0.473974
0.631214
0.451759
0.446891
0.440768
0.393582
0.586059
0.566213
0.499186
0.651955
0.710062
0.46381
0.468562
0.645032
0.51784
0.512815
0.466583
0.63167
0.502397
0.645291
0.66464
0.434206
0.654592
0.478317
0.481397
0.451076
0.48819
0.687185
0.65837
0.67952
0.692832
0.493781
0.492272
0.493822
0.500022
0.670251
0.468069
0.663832
0.673551
0.674873
0.707674
0.50934
0.497138
0.707394
0.52198
0.708044
0.571167
0.673433
0.513847
0.665877
0.709056
0.681718
0.477381
0.74193
0.540961
0.490095
0.651042
0.692816
0.487113
0.719903
0.655576
0.69669
0.695214
0.543775
0.691741
0.673584
0.659212
0.537588
0.534647
0.475314
0.478549
0.503243
0.668601
0.640884
0.5179
0.669767
0.53212
0.699541
0.654053
0.482848
0.666405
0.514678
0.487725
0.48759
0.657774
0.48471
0.506628
0.654576
0.656657
0.65236
0.652601
0.664732
0.462348
0.524992
0.49536
0.514348
0.499667
0.493723
0.66502
0.723721
0.659103
0.702901
0.534769
0.807281
0.487985
0.490131
0.71299
0.523111
0.537279
0.642083
0.721696
0.502378
0.71838
0.532181
0.702541
0.697258
0.528464
0.725616
0.50904
0.661483
0.433276
0.668446
0.490648
0.662012
0.696903
0.673656
0.663949
0.679197
0.698578
0.452708
0.704107
0.666395
0.502616
0.671117
0.486457
0.577669
0.740932
0.548939
0.46452
0.636913
0.450071
0.719913
0.675329
0.792451
0.536993
0.54727
0.767715
0.756108
0.673327
0.655115
0.489865
0.683877
0.775137
0.533063
0.486031
0.498266
0.518992
0.528082
0.522389
0.467391
0.488664
0.507508
0.707803
0.526143
0.666228
0.466326
0.501512
0.683406
0.547669
0.480419
0.492628
0.457366
0.657898
0.683148
0.474888
0.640583
0.693162
0.495958
15.677636
0.676329
0.500585
0.416806
0.499266
0.668676
0.671653
0.505288
0.661226
0.5045
0.664767
0.643768
0.64893
0.482117
0.490465
0.477352
0.682652
0.467592
0.666812
0.478178
0.471096
0.443472
0.464792
0.439728
0.450883
0.495828
0.459011
0.633978
0.661732
0.647865
0.67204
0.529418
0.488184
0.480301
0.64217
0.636447
0.437507
0.627396
0.636096
0.435631
0.674744
0.645083
0.438745
0.39668
0.625662
0.609204
0.432378
15.968791
0.452174
0.586461
0.630607
0.416338
0.451149
0.460384
0.462838
0.44367
0.646656
0.614346
0.450857
0.712539
0.66633
0.43262
0.679799
0.429068
0.698028
0.439224
0.424923
0.4024
0.411149
0.425583
0.441601
0.448813
0.591556
0.578703
0.386149
0.480273
0.62658
0.668085
0.579229
0.725198
0.59187
0.429837
0.416545
0.648373
0.600209
0.596759
0.565111
0.384168
0.398008
0.373056
0.617118
0.588367
0.410067
0.432077
0.421679
0.644333
0.470542
0.653477
0.470351
0.602277
0.578174
0.579629
0.43069
0.635429
0.595304
0.604856
0.451467
0.442221
0.598299
0.414005
0.560671
0.409049
0.385958
0.621826
0.399595
0.616953
0.398368
0.451082
0.417465
0.416854
0.56121
0.525104
0.411158
0.458512
0.374145
0.448609
0.514778
0.600611
0.505104
0.445083
0.460387
0.605292
0.549002
0.424243
0.574203
0.362103
0.582409
0.330711
0.414174
0.382884
0.542223
0.401874
0.553057
0.390356
0.569696
0.342116
16.050098
0.61479
0.519523
0.613405
0.629766
0.461506
0.477401
0.512049
0.710381
0.998458
0.851951
1.086733
0.96163
0.982842
1.046337
0.666671
0.699915
0.867468
0.852592
0.711442
1.005903
0.865207
0.873291
1.046513
1.023542
0.75567
1.014452
0.84196
1.081964
0.687067
0.70728
0.909092
0.864335
0.887814
0.988901
1.10214
0.678123
0.995106
0.940099
0.727053
1.017533
0.829199
1.041633
1.040188
0.859843
1.113158
0.971727
0.870371
0.861219
1.049656
0.881531
1.095879
0.762502
0.739562
0.764501
0.875868
0.66694
0.960359
0.923525
0.887803
1.019117
1.0212
0.862674
0.894707
0.862523
0.829684
0.863908
0.897248
0.858605
0.885928
0.686733
0.872796
0.897768
0.851015
0.855548
0.83413
1.029497
1.079179
0.68071
0.853253
0.849278
0.669634
0.777912
0.84231
0.855348
1.068982
0.682359
0.880444
0.621643
0.676002
0.648225
0.872435
0.64105
0.840726
0.873911
0.724257
0.97143
0.975253
0.803232
0.965235
0.852813
0.809308
0.620305
0.814035
1.008709
0.791126
0.885704
0.894507
0.827826
0.838105
1.012611
0.865675
0.856871
0.879637
0.843323
0.816691
0.877537
0.869229
0.780313
0.735405
0.953503
0.799896
0.889077
0.877
0.703657
0.944419
0.894483
0.957473
0.676469
0.765859
0.705404
0.694355
0.75148
0.77022
0.684508
0.888165
0.93906
0.685659
0.630129
0.767981
0.943232
0.882343
0.805064
1.003822
0.920398
0.998081
0.807696
0.742196
0.767845
0.854315
0.916655
0.944078
0.853676
0.899125
0.682106
0.802263
0.824706
0.826526
0.726366
0.93878
0.876495
0.88359
0.637522
0.920271
0.665357
0.790757
0.963747
0.739717
0.751792
0.995168
0.913849
0.846561
0.791006
0.69044
0.953188
0.849298
0.680727
0.629521
0.868849
0.654513
0.644408
0.64419
0.646691
0.858392
0.864529
0.863002
0.834346
0.612868
0.694594
0.639476
0.883301
0.886552
0.919004
0.86573
0.865551
0.920639
0.721482
0.754265
0.74952
0.739634
0.896521
0.657474
0.869405
0.895544
0.666638
0.932952
0.73413
0.954878
0.757618
0.7476
0.673604
0.712137
0.773058
0.6304
0.963859
0.696664
0.671363
0.889469
0.883415
0.725056
0.894171
0.918143
0.647911
0.855025
0.651712
0.659223
0.666622
0.729116
0.70456
0.806208
0.744843
0.793624
0.74229
0.591125
0.759834
0.739012
0.809298
0.678288
0.594023
0.993459
0.988076
0.714104
0.901182
0.869015
0.740659
0.674885
0.607117
0.886636
0.68639
0.754794
0.869442
0.877515
0.865457
0.688806
0.8473
0.719816
0.761402
0.853754
0.911836
0.830634
1.002709
0.62203
0.597561
0.67935
0.795355
0.6615
0.960845
0.775847
0.652086
0.94227
0.573663
0.793408
0.830997
1.011776
0.670165
0.804072
0.906133
0.830222
0.997526
0.634789
0.95043
0.922418
0.84761
0.787882
0.977409
0.67959
0.897635
0.885497
0.773062
0.946886
0.741623
0.774411
0.775198
0.765346
0.915324
0.928997
0.689439
0.606738
0.928322
0.895011
0.684977
0.730253
0.775793
0.790886
0.901778
0.675819
0.768087
0.943427
0.703776
0.898879
0.741086
0.935934
0.762106
0.739647
0.917236
0.987673
0.711325
0.739746
0.967963
0.695618
0.970382
0.792597
0.967258
0.725175
0.710768
0.738971
0.809757
1.024456
1.061908
1.076778
0.923111
1.023716
0.85971
0.73753
0.93453
0.886122
0.757674
0.983443
1.016939
0.812612
0.689791
0.878871
0.890857
1.043095
1.074594
0.818529
1.073102
0.858207
0.878361
0.96467
1.45341
1.213485
1.315453
1.39525
1.189285
1.239228
1.123623
1.256146
1.214293
1.019909
1.103322
1.072966
1.29398
1.434512
1.187592
1.021334
1.134587
1.233474
1.063852
1.065649
1.361217
1.207708
1.49388
1.404141
1.174409
1.30861
1.126827
1.117148
1.144046
0.97216
1.123237
1.009555
1.318543
1.383032
1.163766
1.309591
1.141769
1.267641
1.315794
1.264592
1.255277
1.316177
1.216678
1.00886
1.234852
1.24369
1.275677
1.033141
1.278855
1.247359
1.1033
1.042731
0.961399
1.052436
1.300013
1.314456
1.053447
1.287008
1.034947
1.282107
1.089031
1.116325
1.036146
1.115132
1.053629
1.135529
1.294818
1.038605
1.063549
0.984564
1.302735
1.334355
1.071614
1.274552
1.010229
0.983262
1.337394
1.175465
1.030219
1.020081
1.317496
1.027939
1.311902
1.249115
1.15102
1.290884
1.006627
0.99562
0.888134
0.987165
1.117394
1.296858
0.947605
1.395349
1.339459
0.96153
1.371568
1.199374
0.992773
1.092193
1.128797
1.218649
1.357339
1.221892
1.102925
1.307306
1.305492
1.17322
1.047808
1.079633
1.291789
1.290835
1.039459
1.024818
31.998281
1.251389
1.010731
1.230037
1.23101
1.093982
1.121188
1.365302
1.136496
1.158453
1.304837
1.139819
1.031417
1.020291
1.351527
1.28046
1.220059
1.027282
1.126436
1.344854
1.330886
1.036963
1.249329
1.211728
1.110222
1.305736
1.066312
1.366512
1.117139
1.127599
1.351444
1.096698
1.086808
1.315978
1.062513
1.253213
1.222623
1.10756
1.053972
1.329927
1.231949
1.430498
1.20758
1.348963
1.370092
1.382546
1.413689
1.392763
1.347596
1.097176
1.285756
1.171239
1.197475
1.183063
1.087235
1.340099
1.184742
1.273382
1.272329
1.360132
1.040692
1.352033
1.290935
1.30574
1.358705
1.148386
1.309189
1.241374
1.260217
1.359421
1.359928
1.422615
1.277999
1.01356
1.268396
1.334534
1.209882
1.320596
1.247874
1.420723
1.41534
1.396579
1.329484
1.161507
1.142845
1.354777
1.161422
1.320637
1.147496
1.334947
1.325529
1.082615
1.256926
1.167828
1.104405
1.300675
1.32091
1.160915
1.39507
1.276372
1.306248
1.363283
1.377571
1.281095
1.317319
1.278222
1.129382
1.312455
1.011673
0.991859
1.353716
1.305505
1.160759
1.286576
1.316587
1.317561
1.182233
1.281861
1.101523
1.281265
1.199619
1.295762
1.123809
1.415498
1.138839
1.115538
1.136573
1.306396
1.125294
1.312308
1.123628
1.108948
1.292718
1.08881
1.326915
1.06021
1.320679
1.270568
1.358126
1.224518
1.041174
1.003269
1.302088
1.021411
1.142605
1.39736
1.201366
1.28041
1.080398
1.354304
1.287536
1.122267
1.036299
1.143476
1.148788
1.439792
1.261867
1.302487
1.033167
1.101712
1.418069
1.226044
1.080219
1.270201
1.197715
1.296487
1.191911
1.18448
1.273256
1.352708
1.255093
1.160689
1.451909
1.013083
1.081332
0.991323
1.225402
1.106259
1.289313
1.28444
1.038655
1.319221
1.035769
1.093058
1.106719
1.057718
1.057757
1.180331
1.147337
1.549168
1.398257
1.168242
1.43194
1.286903
1.188396
1.399975
1.175795
1.385211
1.28051
1.486286
1.331809
1.143045
1.173136
1.01176
1.305289
1.302333
1.184333
1.341709
1.309171
1.112829
0.981839
1.067182
1.284141
1.054739
1.053808
1.281928
0.93275
1.037171
1.037266
1.249236
1.047344
1.277848
1.203104
1.243109
1.145205
1.355884
1.286514
1.497234
1.520543
1.290547
1.606849
1.503457
1.765289
1.88419
1.558353
1.350383
1.693316
1.712259
1.52213
1.342497
1.636652
1.58673
1.337646
1.632839
1.507853
1.414557
1.497023
1.741389
1.666468
1.506925
1.763277
1.546498
1.345223
1.57005
1.520104
1.853726
1.790411
1.72297
1.465056
1.585692
1.655426
1.487437
1.222518
1.668689
1.441405
1.428255
1.716113
1.649483
1.660545
1.473015
1.361704
1.481028
1.31496
1.562411
1.557051
1.506285
1.700275
1.715341
1.366844
1.631051
1.304265
1.749479
1.727149
1.694718
1.512547
1.309932
1.640737
1.681346
1.728015
1.424121
1.565007
1.77151
1.505723
1.65431
1.689459
1.474246
1.32968
1.487845
1.443929
1.439366
