0.016931737324279297
0.004768906733058359
0.004596195115370538
0.018519094770703105
0.004608767534483523
0.0045276406953945365
0.023254756987803514
6.38909422170869e-05
0.019782946218135436
0.004371639949516197
0.004458144265410773
0.01944168863776684
0.004342582827149427
0.019073504237735347
0.004625729088232119
0.004400194006118798
0.015410344847529891
0.004481514351113598
0.004510018981648758
0.018998182085772922
0.004617743122914878
0.0201906844971219
0.004657632705749996
0.004578551168057526
0.020670226934342506
0.004607919401006157
0.02036119772118291
0.00464046271602733
0.004514157818028589
0.01734550443386345
0.0046075107734396305
0.019957915665543103
0.004646137340072835
0.0046635534806487265
0.01835237173158606
0.004355273319760723
0.02024506733167082
0.0046550767425087465
0.004493855035234641
0.017900908982850842
0.004311197933888584
0.004278280912523107
0.02236005456931982
0.004705328292044574
0.023834142400871585
0.004653086079548635
0.004461987212682546
0.018860084958868182
0.0045275371287964526
0.017494434869714175
0.004711088011678673
0.0046566778034082415
0.019625184794874337
0.004289610399367583
0.0046865792586813036
0.0181712894558522
0.004594620131165734
0.021294264554601528
0.004678819086941692
0.004556472279499381
0.019768268766883538
0.004469798761183758
0.019246162690769
0.004717541740013733
0.004659162408855261
0.01693525560019231
0.004629624148350945
0.004346860831189475
0.019595578213910246
0.004282124276277563
0.004471347038182096
0.02021218630073038
0.004578828571334149
0.019376615344453042
0.004625538625210046
0.004556617135239783
0.01874805040910034
0.004442738721483052
0.019040302991713352
0.004752597530717391
0.004557856277838575
0.020212677744224156
0.004394704289445026
0.016989038972292272
0.004686938611110485
0.004665217975525469
0.02453156786298152
0.004301418434020958
0.004472241873356488
0.018359991801830452
0.0045812711703936875
0.018185918139298825
0.004763217726520565
0.0047287264337583235
0.019101816470588236
0.004340573894246584
0.017192116771655823
0.004623547424518658
0.004409731159033596
0.014589933251898965
0.004597725407777923
0.004385264340409729
0.019490735465961417
0.004426840433508282
0.014891535830210446
0.004621604185128561
0.004520063272432276
0.016173303854848813
0.004592158207220524
0.004529145411257062
0.01787827221581818
0.004517611837257276
0.021237362054782622
0.004576051012409614
0.004639773784315061
0.016666955094250348
0.004156044070579319
0.0045992210960529
0.02011272101924389
0.00443681559466842
0.021526628984561525
0.004743902587227185
0.004485184750682507
0.020099688409406326
0.004527236319356251
0.020966548114221148
0.0046087828650691835
0.004537788488264571
0.019376886332169444
0.004315436696868612
0.0042312968923056875
0.02017187120068719
0.004503110115368657
0.020119925378408336
0.004523816807717758
0.004511644222534584
0.01876286056578989
0.004473960383400337
0.020018953162100072
0.004881559616714877
0.004756856252496272
0.018690051278361826
0.004700252241820324
0.025212024844720498
0.004658389600492226
0.004565350438296372
0.018947519574056854
0.0044538115547897794
0.01654409616264861
0.004693670786818826
0.004523181761694117
0.019400853523519692
0.004461264060603263
3.237490679535079e-05
0.0034982626864515976
0.0031558004488594776
0.005399533208019236
0.007500911798462483
0.0031142360344498183
0.00281372670422314
0.002975795370521511
0.002978102310945142
0.003433424551983909
0.007828259450663693
0.003527260283993079
0.009719480474778558
0.0030120031159488027
0.006455782036188553
0.003255411723242383
0.0030794795693157074
0.0035094659029503944
0.0032832630959499457
0.008029508295019897
0.0069479031435228985
0.0032934766527977738
0.0012899527051560803
0.0021562095124069234
0.0015663994410555126
0.0014265639961519492
0.0015167916857639142
0.001979542977156859
0.0021011996186397408
0.001422551709999757
0.001394529873375083
0.0014395096291576045
0.0019120330503847247
0.0013645623819791522
0.001782578210678087
0.0015026412962924134
0.002111253297249744
0.0020722411934036154
0.001393665791550739
0.0021589601310577594
0.001415150734275234
0.002048678327523934
0.002083114624157293
0.0020650048135608377
0.0018110412854409727
0.001507714675184576
0.0014124447981503387
0.0020110229901407236
0.001944134308825359
0.0014217507924449307
0.001937959662627459
0.001397693731427801
0.0018638400396752974
0.002155013347269575
0.0018484982131199157
0.0020274484847627554
0.00148042712381392
0.0020392924777037375
0.0020973541163654013
0.002166031134361974
0.0015393246630121848
0.0015071455713207772
0.0015411333321221456
0.0021100432785367313
0.002539010238369973
0.0024944804474101617
0.0015750386181526614
0.0015536915482022983
0.0015908785727790956
0.001819456330126802
0.0016238161473115485
0.0015111229619288603
0.0015388396877268754
0.0015609364607977888
0.0014561463743085455
0.0014606349835085556
0.0015555882972213854
0.0024274194383692442
0.002196467343274244
0.002819592098327939
0.0015402510110715765
0.0018440059021600735
0.0016780805839392483
0.002347934372816405
0.00208059124946941
0.0011595412289327704
0.001156082966519793
0.0011063451341024723
0.0011956338339884566
0.0010818803942661752
0.001245669961337244
0.0010704312684873241
0.0009925248847860244
0.0014559224639211694
0.0011483976561008488
0.0009688820310611547
0.0011427983392596393
0.0014675283056372604
0.0009793732951909441
0.0012320654863815074
0.0011293857744660316
0.0011493531643084478
0.0009446203408496675
0.0014430429223617472
0.0010053981565647649
0.001243900364800766
0.0011246218880192902
0.0011256909410775724
0.0010922437049338855
0.00112370187705597
0.0010095621776621216
0.00143943634825412
0.001313266026592928
0.0009907954299825752
0.001076771997305839
0.0014814845457536152
0.0010380721968177697
0.0015218826586037677
0.0014851061762659857
0.0010663045231849206
0.001023001227388257
0.0011269899354480462
0.001028449115889445
0.0014201041102012103
0.0010970119559913106
0.0012169141540180322
0.0013850327365203935
0.001033300924104043
0.00074741089160897
0.0008208519217830251
0.0008293620519778521
0.0009265626163203481
0.0008804688620231598
0.0009001151335136788
0.0008312724817568465
0.0009369201274095253
0.00083262109883691
0.0007757922558055329
0.0007802295783512587
0.0007320603590843494
0.0009123886449567957
0.0008971538948674371
0.0007389744248734435
0.0008154570989731832
0.0009150951516783346
0.0008807787586916546
0.0008810860720511724
0.0006995526833669571
0.0010093155598379095
0.0007515683030259963
0.0008621278114191786
0.0007040494652327161
0.0007617953947226141
0.0008676659072472989
0.0008769536858992617
0.0008216684449313526
